Position: 54.36965633 18.60708921
ac: 0.01420103 0.14278507 0.06269026
ac: 3.1885505E-4 0.13452244 0.071967125
ac: -0.0059220046 0.13359642 0.11099005
ac: 0.0033854097 0.12588024 0.068367004
ac: -4.7777593E-4 0.1468544 0.104856014
ac: -0.018261567 0.12714481 0.07359314
ac: 0.009261087 0.13376808 0.06633854
ac: -0.004713729 0.1318903 0.07183695
ac: 0.025168702 0.12677956 0.08861256
ac: 0.0031352341 0.1393156 0.059403896
ac: 0.008705571 0.13408852 0.06566191
ac: -0.007121086 0.12601662 0.061980724
ac: 0.0135940015 0.14140034 0.07132244
ac: 0.015398204 0.14079857 0.050946236
ac: 0.00789389 0.11940861 0.077003956
ac: 0.0015444607 0.13791752 0.06521654
ac: 0.0031365454 0.13181114 0.06063509
ac: -0.011087209 0.12055969 0.06455183
ac: -0.0055660307 0.13389587 0.08269453
Position: 54.36955346 18.60686685
ac: 0.00769341 0.13496113 0.062623024
ac: 0.004480213 0.14006424 0.08349371
ac: 0.0051668882 0.1486826 0.07879639
ac: 0.004899621 0.14071465 0.07075167
ac: 0.0026655644 0.13349438 0.058258057
ac: 0.005979955 0.13397694 0.06451845
ac: 0.014321223 0.14818287 0.053442955
ac: -6.8579614E-4 0.1340599 0.096021175
ac: 0.024174288 0.14712238 0.09084892
ac: -0.008534744 0.14495182 0.06467581
ac: 0.012376815 0.14491653 0.09413099
ac: -0.008922875 0.1376791 0.061328888
ac: -2.1350384E-4 0.1401596 0.070064545
ac: -0.012133285 0.15204716 0.0654459
ac: -0.012748718 0.15666199 0.063393116
ac: -0.017153084 0.12892914 0.057209015
ac: 0.018541843 0.14472389 0.045392513
ac: 0.008579537 0.13236618 0.034823895
Position: 54.36971405 18.60717417
ac: 0.006025329 0.14995289 0.0708828
ac: 0.0017083287 0.15452766 0.06715584
ac: 0.0028982908 0.11886978 0.06907463
ac: 0.0033376962 0.13888645 0.081143856
ac: 0.0052892715 0.13594627 0.08225489
ac: -0.004055932 0.13887691 0.0894928
ac: 0.0037037581 0.13133812 0.07699251
ac: 0.02280651 0.14379025 0.052114487
ac: -0.003508523 0.14047146 0.051586628
ac: 0.0063313246 0.14592648 0.056827545
ac: 0.008215383 0.15403461 0.056717396
ac: 0.005186543 0.14020729 0.056888103
ac: -0.0017874688 0.13931751 0.08559942
ac: 0.024412125 0.14807224 0.049005985
ac: -0.007959217 0.1540699 0.05320406
ac: 0.009444624 0.14709568 0.061858177
ac: 3.1128526E-5 0.13571644 0.080438614
ac: -0.013108417 0.11794472 0.08613539
Position: 54.36980469 18.60715839
ac: -0.0048903376 0.13969612 0.07543993
ac: 0.0057543963 0.1386671 0.08291197
ac: 0.0034304857 0.13028431 0.09129763
ac: 0.014705464 0.13096333 0.06660223
ac: 0.00212349 0.13542461 0.088136196
ac: -0.003011018 0.1424284 0.078315735
ac: 0.0018869191 0.14445877 0.07542992
ac: -0.0024814457 0.1330347 0.069588184
ac: 0.004977569 0.12891674 0.08382273
ac: 0.010051876 0.14295197 0.088674545
ac: 0.01572065 0.13612652 0.05746889
ac: 0.0029601008 0.13956451 0.08889818
ac: 9.6943974E-4 0.12721443 0.081296444
ac: -0.007881761 0.14637375 0.05662775
ac: -0.006314233 0.12160778 0.046315193
ac: -0.006590843 0.132905 0.06321335
ac: -0.0038990527 0.13251686 0.07474947
ac: 0.014541298 0.12866783 0.0788393
Position: 54.36987847 18.60737493
ac: 0.009663388 0.13136005 0.07523441
ac: 0.004151061 0.15799141 0.05788088
ac: 0.016557395 0.14865589 0.051980495
ac: 0.011125788 0.14265919 0.07295418
ac: 5.002767E-4 0.12603664 0.060701847
ac: 0.0042209774 0.14485359 0.058403015
ac: 0.0053493977 0.14322948 0.05563402
ac: -0.021174312 0.1492176 0.06578779
ac: 0.0056037456 0.13244247 0.059246063
ac: -0.023470387 0.121006966 0.06237793
ac: -1.553297E-4 0.14548111 0.027254105
ac: 0.003189817 0.14772987 0.055081367
ac: -0.0030807257 0.14755154 0.038681507
ac: -0.021167368 0.15441513 0.073421955
ac: 0.0010031909 0.12822151 0.05098486
ac: -0.0018801987 0.1291542 0.0533185
ac: -0.0013068467 0.12910843 0.06301069
ac: -0.0027643591 0.12999535 0.07140398
ac: 0.013588667 0.15004349 0.08273077
Position: 54.36984421 18.60736352
ac: 0.003284067 0.13635921 0.08016634
ac: -0.0070798695 0.13528442 0.051836967
ac: -0.0035362095 0.13304329 0.08864403
ac: 0.018200114 0.13240433 0.08283138
ac: 0.00898388 0.14266872 0.06770182
ac: 0.009178892 0.11690712 0.05399418
ac: 0.018449053 0.1274252 0.06049633
ac: -0.0032544732 0.14045906 0.05293417
ac: -8.5130334E-5 0.14601803 0.089662075
ac: 0.0061564 0.11552334 0.06864977
ac: -0.025906667 0.1583147 0.04232025
ac: -0.007788539 0.12502384 0.037018776
ac: 0.008739546 0.13230038 0.073297024
ac: -0.006252855 0.13111687 0.08340311
ac: 0.0068093836 0.15488243 0.057997704
ac: 0.019124314 0.1393795 0.078122616
ac: -0.003384605 0.14029884 0.084037304
ac: -0.001101166 0.15442371 0.07914305
Position: 54.36984149 18.60739477
ac: 0.008496031 0.1310978 0.06481886
ac: 7.698089E-4 0.12374592 0.06702614
ac: -0.001469925 0.13837337 0.04555893
ac: 0.0040364265 0.13006401 0.052572727
ac: -0.004175678 0.14463997 0.085740566
ac: -0.0073984414 0.14347267 0.084517956
ac: 0.008111998 0.13237 0.0570693
ac: -0.0050471276 0.12533474 0.06809616
ac: -6.8821013E-4 0.13521576 0.066274166
ac: -8.8869035E-4 0.127285 0.056367874
ac: 0.002047509 0.14929867 0.06806898
ac: -0.0042989403 0.12789154 0.07971096
ac: -8.6817145E-4 0.14136028 0.09283304
ac: 0.017402545 0.14765453 0.068881035
ac: 0.039115325 0.14832306 0.09211874
ac: 0.011777014 0.15818691 0.062248707
ac: -0.005184129 0.14839363 0.08540249
ac: -0.010857701 0.12521744 0.055742264
Position: 54.36985082 18.60727421
ac: 0.023731813 0.14735031 0.055833817
ac: 0.0015657246 0.13793659 0.0717082
ac: -0.0055493116 0.11676979 0.045732975
ac: 0.0011883229 0.1131897 0.07560539
ac: -0.0074883103 0.11788082 0.032749176
ac: -0.0114132315 0.123970985 0.0637064
ac: 0.003484413 0.15026951 0.048236847
ac: 0.013789833 0.15391827 0.07867432
ac: -0.009578049 0.13563538 0.06491423
ac: 0.011488333 0.1218853 0.0558424
ac: -0.014824942 0.13698864 0.07048273
ac: -0.02111286 0.14648342 0.06052494
ac: 0.0071988255 0.14025593 0.035214424
ac: 0.006670058 0.11290264 0.061214447
ac: -0.011495709 0.14020252 0.07128811
ac: 0.021332562 0.12905693 0.05650425
ac: 0.00720796 0.13895893 0.07507181
ac: 1.4226139E-4 0.14706898 0.09948397
ac: -0.0015250295 0.15133572 0.08497524
Position: 54.36985082 18.60727421
ac: -0.002770707 0.13242817 0.055081367
ac: 0.0015194714 0.13196278 0.06445503
ac: -0.011023492 0.14823246 0.079823494
ac: 0.014382392 0.14173031 0.0629859
ac: -5.8327615E-4 0.13481998 0.08216095
ac: -0.010756806 0.13535023 0.08706713
ac: -0.022198826 0.13524818 0.08657789
ac: 0.005859256 0.13589096 0.07273483
ac: -0.0031459033 0.13170242 0.057169914
ac: 0.027687475 0.15497208 0.07299137
ac: -0.0015164763 0.13651276 0.0973196
ac: 0.0052631795 0.15357208 0.07457733
ac: 0.011661723 0.13665485 0.07433176
ac: -0.006829262 0.13515663 0.07311201
ac: -0.004824728 0.13930511 0.037326336
ac: 0.010447368 0.15033436 0.055942535
ac: 0.016864121 0.13734436 0.07461929
ac: -0.007537782 0.12854195 0.054502964
Position: 54.36984805 18.60721834
ac: 0.005689591 0.1316185 0.08068991
ac: -0.0010174364 0.1379633 0.041662216
ac: -0.010762945 0.14210796 0.045378685
ac: 0.002528727 0.16898632 0.038262844
ac: 0.009426877 0.13925266 0.07682419
ac: 0.0021633208 0.12933159 0.0661211
ac: 0.01803112 0.1411314 0.07001734
ac: 0.020520672 0.13134193 0.05614519
ac: -0.0011514425 0.15440941 0.07399416
ac: 0.009340808 0.15179539 0.048687458
ac: -0.0020039678 0.1345501 0.079530716
ac: 0.008598164 0.14678192 0.08502817
ac: -0.006303042 0.12957668 0.053030014
ac: 0.008041054 0.14449215 0.048942566
ac: -0.0035357028 0.13837337 0.091070175
ac: 0.011818156 0.14994526 0.064388275
ac: 4.0601194E-4 0.15083122 0.06496382
ac: 0.0034551919 0.13822365 0.07287979
Position: 54.36984116 18.60718612
ac: 0.020809785 0.1386385 0.05112219
ac: -0.008785874 0.12608051 0.08460617
ac: -5.9454143E-4 0.13432312 0.073544025
ac: 0.0182015 0.15310955 0.043135643
ac: -0.011228085 0.13460255 0.07837105
ac: -0.010587662 0.1420517 0.091001034
ac: -9.986609E-4 0.1497488 0.054044724
ac: 0.011424407 0.12733555 0.08330631
ac: -0.007788688 0.12276268 0.08587694
ac: -0.0010517836 0.14685059 0.05442953
ac: 0.009637088 0.13672256 0.062046528
ac: 0.0052307397 0.13536549 0.047958374
ac: 0.012766689 0.16288853 0.048503876
ac: 0.009842113 0.1234293 0.07828617
ac: 0.0020572245 0.13866043 0.049026966
ac: 0.0024665296 0.14815807 0.08630991
ac: 0.004443392 0.17270947 0.04558277
ac: 0.009972975 0.14714146 0.05660534
ac: -0.004216522 0.14301586 0.0516572
Position: 54.36984981 18.607247
ac: 0.00938122 0.13225746 0.09113979
ac: -0.004625693 0.15588188 0.049324512
ac: -0.0034087151 0.12831593 0.09610987
ac: 0.014047742 0.13681316 0.051633835
ac: 0.009676322 0.1286087 0.046524048
ac: 0.002228573 0.13541794 0.06465292
ac: 0.009187728 0.13541222 0.06411266
ac: 0.012734458 0.13947868 0.079921246
ac: -0.008756936 0.1122694 0.05591488
ac: 0.009029403 0.12966156 0.07614803
ac: -0.016656682 0.10580444 0.08441973
ac: 0.0064148307 0.15550041 0.055604935
ac: -0.012915224 0.14582539 0.06356716
ac: 0.009998977 0.14256382 0.084462166
ac: 0.0072754025 0.13942814 0.08002567
ac: -0.013566166 0.14208984 0.05313492
ac: -0.008654937 0.13489628 0.06451893
ac: 7.4496865E-4 0.13086987 0.11563301
Position: 54.36984981 18.607247
ac: 0.015088767 0.13965225 0.064537525
ac: -0.007667899 0.15604973 0.10654116
ac: -0.01909253 0.11697197 0.08481884
ac: 0.0050563365 0.13812542 0.04250002
ac: -1.9414723E-4 0.13079357 0.05170107
ac: 0.0012090802 0.13717079 0.08502293
ac: 0.010267347 0.15735054 0.050035
ac: 0.0037709028 0.15425873 0.07951069
ac: -0.007906824 0.13954449 0.0454607
ac: 0.019190952 0.11355209 0.06273556
ac: -0.005711004 0.12966251 0.04907179
ac: 0.00741978 0.13538742 0.071751595
ac: 0.0111563355 0.14207172 0.066194534
ac: 0.0059372783 0.16267872 0.09260225
ac: -0.0019918382 0.13270473 0.044796467
ac: -0.02563458 0.14246082 0.07013035
ac: -0.0092202425 0.14052296 0.08719301
ac: 0.008692935 0.14018822 0.079470634
Position: 54.36984981 18.607247
ac: -0.005748406 0.15485573 0.09264088
ac: -0.0050922036 0.15393543 0.09092617
ac: -0.0069474876 0.16637325 0.061849117
ac: -0.016507775 0.1541605 0.06954527
ac: -0.02592121 0.15488434 0.08793688
ac: 0.01798524 0.14656353 0.036849976
ac: 0.0071472377 0.14645004 0.079054356
ac: 0.011924028 0.1386919 0.08921957
ac: 0.009768531 0.14179707 0.08781767
ac: 0.006400585 0.12515545 0.054018974
ac: -0.012133285 0.12107563 0.071135044
ac: -1.4168024E-4 0.14300632 0.05361843
ac: 0.004722506 0.13822651 0.0715394
ac: 0.004772112 0.1462698 0.09196997
ac: 0.0060647875 0.10831547 0.06193161
ac: 0.01704371 0.13195896 0.06430435
ac: 0.017563269 0.12938595 0.04249239
ac: -0.007561803 0.13913155 0.049320698
ac: -0.0014331788 0.13237 0.065849304
Position: 54.36984981 18.607247
ac: 0.004832983 0.1354599 0.08659172
ac: 0.0014902353 0.14447498 0.087106705
ac: -0.0075042397 0.14779854 0.07441902
ac: 0.0039516687 0.13766766 0.052270412
ac: -0.0014593303 0.15547085 0.06270838
ac: -0.008285075 0.14966297 0.037847042
ac: 0.0015185773 0.15991402 0.07057905
ac: -0.005850777 0.15593624 0.06007147
ac: 0.021879315 0.14938354 0.07614422
ac: 9.3230605E-4 0.123991966 0.09097147
ac: -0.009989545 0.13110638 0.08269262
ac: -8.627772E-6 0.15273571 0.080770016
ac: -0.0054863244 0.1358223 0.06972313
ac: -0.009810314 0.1354456 0.054907322
ac: -0.004781097 0.14935493 0.07078934
ac: 0.00890775 0.15330791 0.062916756
ac: 0.017317131 0.1459322 0.05850792
ac: 0.0067306906 0.155303 0.065552235
Position: 54.36985128 18.60727819
ac: 0.009674415 0.15832424 0.059516907
ac: -0.0020545274 0.14068508 0.046329975
ac: 0.010427132 0.12804127 0.06687212
ac: -0.002589807 0.14499187 0.05805397
ac: -0.0060596615 0.11819458 0.061362267
ac: 0.02199775 0.14703178 0.05513525
ac: -8.9915097E-4 0.13909721 0.02369976
ac: 0.009613484 0.15131664 0.074076176
ac: -0.015097916 0.13633156 0.06450224
ac: 0.00734365 0.13602066 0.035217285
ac: 0.015573487 0.13118935 0.049168587
ac: -0.013970301 0.14788055 0.07496071
ac: -1.5059114E-4 0.12925625 0.079900265
ac: 0.0019229949 0.15444756 0.06665516
ac: 0.007928893 0.11777878 0.079553604
ac: -0.0058092773 0.13858604 0.06602001
ac: -0.005111128 0.13615322 0.060737133
ac: -4.286766E-4 0.13613701 0.05779171
Position: 54.36985128 18.60727819
ac: -0.0071506053 0.15703964 0.0662508
ac: 7.29844E-4 0.1413393 0.09582567
ac: -0.02022037 0.12595272 0.07866669
ac: -0.021716595 0.15222645 0.07701206
ac: 0.006670341 0.12365532 0.0689435
ac: 2.6741624E-4 0.12655449 0.10092974
ac: -0.00853613 0.13542461 0.07837343
ac: -0.026872806 0.15228653 0.053049564
ac: -0.002361253 0.14305973 0.07566786
ac: -0.0014930964 0.118720055 0.07461882
ac: 0.016124755 0.12040138 0.065859795
ac: -0.005235493 0.13073063 0.060720444
ac: 0.0076331943 0.13416195 0.067585945
ac: -0.009225503 0.15260315 0.06603336
ac: 0.010527089 0.14389038 0.106194496
ac: 0.0027123243 0.12901402 0.08686781
ac: -0.009779125 0.12307453 0.07843828
ac: -0.0015964806 0.142025 0.08237219
Position: 54.36985128 18.60727819
ac: -0.0071506053 0.15703964 0.0662508
ac: 7.29844E-4 0.1413393 0.09582567
ac: -0.02022037 0.12595272 0.07866669
ac: -0.021716595 0.15222645 0.07701206
ac: 0.006670341 0.12365532 0.0689435
ac: 2.6741624E-4 0.12655449 0.10092974
ac: -0.00853613 0.13542461 0.07837343
ac: -0.026872806 0.15228653 0.053049564
ac: -0.002361253 0.14305973 0.07566786
ac: -0.0014930964 0.118720055 0.07461882
ac: 0.016124755 0.12040138 0.065859795
ac: -0.005235493 0.13073063 0.060720444
ac: 0.0076331943 0.13416195 0.067585945
ac: -0.009225503 0.15260315 0.06603336
ac: 0.010527089 0.14389038 0.106194496
ac: 0.0027123243 0.12901402 0.08686781
ac: -0.009779125 0.12307453 0.07843828
ac: -0.0015964806 0.142025 0.08237219
ac: -0.0069593936 0.13105774 0.076723576
ac: 0.006047398 0.13629436 0.054265022
ac: -0.0014081895 0.14096355 0.09283447
ac: 0.012715101 0.15489197 0.053696156
ac: -0.008101329 0.1362791 0.09446621
ac: -0.005619511 0.13810825 0.077629566
ac: -0.0075813234 0.14018345 0.080631256
ac: 6.3587725E-4 0.13945007 0.06364632
ac: -0.0060142875 0.16139984 0.070011616
ac: 0.01354067 0.13493538 0.06482077
ac: 0.010279402 0.14000797 0.05942154
ac: 0.009214625 0.14525127 0.062054157
ac: 0.011596113 0.14671612 0.043600082
ac: -0.013361499 0.1566515 0.06085682
ac: 0.002930209 0.15733528 0.033127308
ac: -0.0025195181 0.1467762 0.09311342
ac: -0.0014605075 0.15137577 0.04320669
ac: 0.025944948 0.14226532 0.04944706
ac: 0.009868771 0.14813042 0.062871456
Position: 54.36985128 18.60727819
ac: 0.008494198 0.13354778 0.09269333
ac: 0.0030914694 0.1592617 0.087991714
ac: -0.004720092 0.14648342 0.08601236
ac: 0.0064299554 0.14581013 0.029917717
ac: 0.0038826168 0.14623356 0.04106617
ac: -0.00512816 0.14152622 0.083366394
ac: -0.0051680505 0.13518524 0.06553888
ac: -0.01149337 0.1276989 0.08769035
ac: 0.0117510855 0.15409565 0.061854362
ac: -0.008672178 0.12689018 0.062350273
ac: 0.004583463 0.13781548 0.0739851
ac: -0.0061165094 0.13593864 0.08075333
ac: -0.009440601 0.1473751 0.08119583
ac: 0.002789691 0.13851452 0.1030345
ac: -0.0054495633 0.15133286 0.057044983
ac: 0.0044929236 0.15031242 0.05968523
ac: 0.012515351 0.1310997 0.06522083
ac: 0.025093675 0.12932491 0.09329939
Position: 54.3698605 18.60731273
ac: 0.0033715963 0.15859795 0.05931282
ac: 0.003932312 0.13363266 0.1086936
ac: 0.008511439 0.123420715 0.06569672
ac: -0.011585876 0.12961102 0.058708668
ac: 0.0027167052 0.15172768 0.04741335
ac: 0.011518151 0.12902164 0.088038445
ac: 0.0114315 0.14592552 0.06494856
ac: 0.004621461 0.15500927 0.09828043
ac: 0.0035115927 0.15378284 0.10313368
ac: -6.876141E-4 0.12753582 0.07961416
ac: 2.5564432E-4 0.1328106 0.07751751
ac: 0.010470539 0.11426735 0.078676224
ac: -0.006471455 0.14494705 0.040013313
ac: -0.008196816 0.14663601 0.07439995
ac: -0.005904913 0.16644096 0.08688116
ac: -0.006646231 0.1413536 0.069476604
ac: 0.012302205 0.14181805 0.07506561
ac: 0.017343491 0.14178658 0.04162073
Position: 54.3698605 18.60731273
ac: 0.017139435 0.14057636 0.062058926
ac: -8.627772E-5 0.12603283 0.06725931
ac: 0.004714459 0.13031292 0.06946564
ac: 0.011566877 0.13924885 0.07192516
ac: 0.010814607 0.1456995 0.04701996
ac: -0.012764931 0.15381622 0.09474325
ac: 0.01551342 0.12788773 0.051986217
ac: 0.009750113 0.122737885 0.09163427
ac: -0.016210258 0.14879608 0.09879112
ac: 0.0037395507 0.14680004 0.045348644
ac: -0.0037825108 0.12997246 0.083182335
ac: 4.3845177E-4 0.14007092 0.092861176
ac: -0.011908099 0.14123249 0.08394432
ac: -0.003250599 0.14402771 0.05861664
ac: -4.928261E-4 0.12884521 0.09916735
ac: 0.0046153963 0.14277363 0.048524857
ac: 0.013894886 0.13682556 0.059877872
ac: 0.004089251 0.1476841 0.07527685
ac: -0.0065261126 0.13556767 0.06363773
Position: 54.3698605 18.60731273
ac: 0.011579812 0.13979244 0.093518734
ac: 0.0031265467 0.13421822 0.09321785
ac: 0.007165298 0.14896488 0.056572437
ac: -0.0042782575 0.14519882 0.09823561
ac: 0.00635843 0.13888073 0.07018852
ac: 0.010398492 0.14914799 0.078294754
ac: 0.014236838 0.16160107 0.10422897
ac: -0.0040118694 0.13908863 0.090574265
ac: 0.011607289 0.143857 0.06547642
ac: -0.0037633032 0.14755058 0.078490734
ac: -0.008880049 0.15700531 0.07386017
ac: -0.0010484159 0.14813042 0.09879446
ac: 0.0065835416 0.14900112 0.0635581
ac: -0.0011479259 0.14186668 0.056252956
ac: 0.031907737 0.14320278 0.07041645
ac: -0.0010638982 0.14351177 0.045843124
ac: 0.003562227 0.16373348 0.067052364
ac: -0.009371713 0.15139389 0.11149597
Position: 54.36987145 18.60735092
ac: 0.0017392486 0.13466358 0.05464363
ac: 0.0011745244 0.13971996 0.051769733
ac: 0.018293276 0.14064217 0.059523582
ac: -0.010296345 0.14238358 0.05423212
ac: 0.015418962 0.1555748 0.07633543
ac: 0.009120956 0.14233875 0.060901165
ac: -0.0039815456 0.14605713 0.06179762
ac: -0.0022376329 0.12539959 0.08819103
ac: 0.0054932684 0.13766861 0.04629755
ac: 0.0031684786 0.13769817 0.054680347
ac: -0.0045556277 0.13930607 0.07240248
ac: -0.0024417788 0.15209389 0.1007123
ac: -0.016500771 0.13353825 0.09053421
ac: -0.014705256 0.13669205 0.093241215
ac: -0.0034722835 0.15548325 0.08801699
ac: -0.021065801 0.13058853 0.098257065
ac: 0.016019493 0.1429987 0.050722122
ac: -0.0037055016 0.1404686 0.07612085
Position: 54.36987145 18.60735092
ac: 0.015863717 0.13514423 0.08494663
ac: -0.0017453134 0.13895988 0.11081123
ac: 0.029720023 0.14595509 0.061589718
ac: 0.0013148189 0.13843918 0.08612394
ac: -0.011217192 0.13615513 0.08225918
ac: -0.009530187 0.14643669 0.080818176
ac: 2.0121038E-4 0.1537199 0.081784725
ac: 0.009611666 0.17250347 0.0788908
ac: 0.0065464973 0.14021683 0.06146431
ac: -0.0046810657 0.12899685 0.07973051
ac: 0.0023016185 0.12870312 0.076164246
ac: -8.864254E-4 0.13924026 0.075424194
ac: -0.0021630228 0.14801788 0.078148365
ac: 0.006797701 0.13609123 0.07390785
ac: 0.007945627 0.13397121 0.07457113
ac: -0.016372904 0.1462059 0.08063793
ac: 0.018663794 0.1413641 0.07962513
ac: -0.012985006 0.13246632 0.081840515
ac: 0.030226648 0.12104416 0.057344437
Position: 54.36987145 18.60735092
ac: 0.015742779 0.15616894 0.076274395
ac: -0.0015973598 0.16432476 0.047405243
ac: 0.014094353 0.12411785 0.063735485
ac: -0.017601341 0.14494991 0.113111496
ac: -0.0029452592 0.15587616 0.034895897
ac: 0.009033203 0.14630127 0.09235573
ac: -0.002571389 0.15225983 0.07092047
ac: -0.005118802 0.1627264 0.097856045
ac: -0.010766089 0.15231323 0.04448557
ac: -0.0014803857 0.14073849 0.0969286
ac: 0.004768029 0.15316105 0.07688427
ac: 0.0062533617 0.14537048 0.070289135
ac: -0.0042336136 0.14860535 0.044119835
ac: 0.0034209937 0.124863625 0.0778451
ac: -2.322793E-4 0.13872623 0.06150341
ac: 0.0026652068 0.12584782 0.08484268
ac: -0.009013832 0.13617325 0.057565212
ac: -0.0047675073 0.14456844 0.08204365
Position: 54.36987145 18.60735092
ac: 0.008536652 0.13678646 0.061683655
ac: 0.0034317374 0.14023495 0.07394171
ac: -0.016372398 0.14999771 0.088051796
ac: 0.0011548698 0.14425755 0.074389935
ac: -0.002951175 0.14393902 0.06301451
ac: 0.0016051829 0.1361475 0.058248997
ac: -0.0023322552 0.15017891 0.03263998
ac: -0.0034570098 0.15247059 0.08196163
ac: 0.0057817996 0.13927555 0.06166029
ac: 0.011271849 0.13754082 0.066847324
ac: 0.005630553 0.14518452 0.042595387
ac: -0.010679647 0.14725494 0.08932638
ac: 0.012923196 0.13570786 0.06450987
ac: 0.01814647 0.1588192 0.042815685
ac: 0.0025758296 0.14002228 0.052283764
ac: 0.00652422 0.14458084 0.04375267
ac: -0.0026787966 0.12970924 0.05317688
ac: 0.021588147 0.14010143 0.06591749
Position: 54.36987145 18.60735092
ac: 0.017267004 0.13130188 0.073400974
ac: 0.012373447 0.13843727 0.07285309
ac: 0.012670532 0.13216782 0.08063078
ac: -0.009999052 0.14068127 0.052830696
ac: -0.010849088 0.15128708 0.0603199
ac: -0.0010625869 0.13275528 0.064489365
ac: 0.016058505 0.15060997 0.04378462
ac: -0.013576105 0.13124466 0.075316906
ac: 0.007993117 0.14553738 0.082567215
ac: 0.013412356 0.15227318 0.0900259
ac: -0.016835764 0.1387825 0.0649848
ac: -0.0040032417 0.12803078 0.07686281
ac: 0.012414068 0.1307354 0.034995556
ac: 0.0077554286 0.14848328 0.060625076
ac: -0.009504244 0.14916706 0.092105865
ac: 0.0092229545 0.12907696 0.0898571
ac: -0.0056670904 0.14900303 0.10749006
ac: -0.00825879 0.13783264 0.03284216
ac: 0.005934432 0.13448429 0.09217787
Position: 54.36987145 18.60735092
ac: -0.008995131 0.13973808 0.0858202
ac: 0.0037141293 0.1501255 0.05547762
ac: 0.011458531 0.14654446 0.07037115
ac: 0.007188529 0.14987755 0.05534649
ac: -0.00278306 0.15802002 0.07617664
ac: 0.0012405068 0.1396532 0.054834366
ac: 0.003331706 0.13479137 0.058589935
ac: 0.02979593 0.1526928 0.06175518
ac: -0.0049962103 0.15485668 0.072954655
ac: 0.017590895 0.1530037 0.05513096
ac: 0.0064266026 0.15199757 0.087664604
ac: -0.0015917271 0.14211369 0.036824703
ac: 0.006533131 0.14049435 0.054440975
ac: 0.007361397 0.14623642 0.060904026
ac: 0.005995363 0.15171337 0.060769558
ac: -0.012811765 0.13328362 0.07477665
ac: 2.5126338E-4 0.140625 0.099030495
ac: -0.0011274815 0.14053059 0.089585304
Position: 54.36987562 18.60739367
ac: 0.009594709 0.13968658 0.11826134
ac: -0.0026117265 0.14592838 0.072897434
ac: 0.0067724884 0.1501112 0.047772408
ac: -0.010026589 0.14349842 0.09389734
ac: 0.0013837814 0.11644173 0.062383175
ac: -0.006244153 0.13035583 0.06506252
ac: 0.00931859 0.12652779 0.06309986
ac: -0.006806031 0.13720989 0.07165718
ac: -0.0014399737 0.1293602 0.08614731
ac: -0.0015044957 0.13986397 0.07290459
ac: -0.010027036 0.14042091 0.07656431
ac: 0.0065190345 0.13602543 0.042224407
ac: -0.0051543117 0.14516449 0.07778692
ac: 0.0056380033 0.14278603 0.061007977
ac: -0.016340747 0.1433487 0.08143282
ac: 6.8439543E-4 0.12916756 0.10924721
ac: 0.01871179 0.13985729 0.09207535
ac: 0.00988178 0.13355541 0.0753808
Position: 54.36987562 18.60739367
ac: 0.010798022 0.15829086 0.08453417
ac: -0.01763612 0.14241123 0.042055607
ac: 0.01492247 0.14228916 0.1117053
ac: 0.009027436 0.14517212 0.053263187
ac: -0.0060079396 0.16222858 0.064058304
ac: 0.014770567 0.15273285 0.08543396
ac: 0.0070982873 0.15299702 0.083658695
ac: 0.004002005 0.13177586 0.054871082
ac: 0.019935861 0.15986824 0.070533276
ac: 0.01552774 0.1487894 0.04360771
ac: -0.012698367 0.15397644 0.07276821
ac: -0.0035448372 0.13439083 0.061065197
ac: 0.020057574 0.13174248 0.069395065
ac: 0.0036565512 0.13472939 0.056198597
ac: -0.003616944 0.15159416 0.056063175
ac: 0.014476627 0.15058136 0.061679363
ac: 0.0034029484 0.13728523 0.06256342
ac: -0.008489668 0.14940357 0.09699917
ac: 0.013190687 0.14400673 0.079624176
Position: 54.36987562 18.60739367
ac: 0.0045392513 0.13645935 0.0618186
ac: 0.017211258 0.14240932 0.059543133
ac: 0.008739337 0.13378716 0.03723097
ac: 0.016254976 0.12767982 0.07279444
ac: 0.0017507225 0.15020943 0.043946266
ac: -0.00486885 0.15024471 0.071333885
ac: 0.008909717 0.12112427 0.07875824
ac: 0.011984527 0.14552593 0.08147764
ac: -0.0033132136 0.1261425 0.07475519
ac: 0.017284244 0.1521225 0.055113792
ac: -0.007856116 0.13272 0.08554268
ac: 0.00880684 0.14542484 0.064303875
ac: -0.0013979673 0.1339283 0.06026745
ac: 0.0074897707 0.14208889 0.045204163
ac: -0.0055362284 0.13854122 0.06905365
ac: -0.008602619 0.14597034 0.0523901
ac: 0.012729272 0.1441927 0.08105087
ac: -3.6336482E-4 0.15927982 0.037665844
Position: 54.36987562 18.60739367
ac: 0.010635957 0.14387035 0.05056286
ac: -0.0013889074 0.14660358 0.08162165
ac: 0.0034764558 0.14343643 0.069366455
ac: 0.005305931 0.14266586 0.08587122
ac: 0.018611908 0.12110424 0.07034063
ac: -0.009254798 0.14459229 0.07184982
ac: 0.01005356 0.15447807 0.07786465
ac: 0.0046121776 0.14878178 0.08384085
ac: 0.012415096 0.14714718 0.040445328
ac: 0.0052310377 0.121006966 0.046599865
ac: 0.010516718 0.1407795 0.08191681
ac: -0.004697725 0.14084053 0.07278776
ac: 0.012427375 0.14481735 0.05285549
ac: -0.0046039075 0.14212322 0.10012245
ac: -0.0060110837 0.15648746 0.06128645
ac: 0.00546287 0.14821434 0.08562088
ac: 0.017313108 0.1288786 0.05435705
ac: 0.0066196322 0.12463379 0.10114002
Position: 54.36987562 18.60739367
ac: 0.0066768527 0.13227081 0.018789768
ac: 0.011301801 0.14512634 0.05888176
ac: 0.01982516 0.15991879 0.036989212
ac: -0.002349496 0.14751434 0.09227228
ac: 0.019706145 0.14359188 0.046883106
ac: 0.014274463 0.1396246 0.06976414
ac: -0.011454806 0.14523315 0.042942047
ac: 0.018420637 0.15040493 0.10444355
ac: -0.019227266 0.13392735 0.054714203
ac: 0.016219676 0.14768887 0.088900566
ac: 0.01301153 0.14194107 0.04474163
ac: 0.004978165 0.14967537 0.07956219
ac: 0.016651347 0.14878273 0.023276329
ac: 0.013590857 0.15648842 0.08025217
ac: -0.0062965453 0.14249134 0.05554962
ac: 0.008296415 0.13510704 0.07996416
ac: -0.0013357103 0.144063 0.06743336
ac: -0.012937292 0.16552258 0.038884163
ac: 0.0048231184 0.16454792 0.08209801
Position: 54.36987698 18.60742659
ac: -9.4226E-4 0.14966393 0.07182455
ac: -0.0013350546 0.13879013 0.050481796
ac: 0.02927132 0.14959621 0.043222427
ac: 0.006915912 0.14880943 0.053243637
ac: -0.014650524 0.11957359 0.08179617
ac: 0.012822062 0.13049316 0.056972027
ac: 0.013109431 0.14394283 0.110890865
ac: -0.008536503 0.13518333 0.06555462
ac: 0.011950627 0.14257717 0.027386189
ac: -0.013369322 0.13813686 0.0830183
ac: -0.008066103 0.15040684 0.07165241
ac: -0.0063064843 0.13719368 0.093280315
ac: -1.5291572E-4 0.15907192 0.07288885
ac: -0.0129327625 0.14517784 0.04742527
ac: 9.126514E-4 0.13330078 0.07707071
ac: -0.005257264 0.12957287 0.06716156
ac: 0.01581256 0.1433239 0.07021856
ac: 0.027278677 0.14775467 0.008764744
Position: 54.36987698 18.60742659
ac: 0.0010731071 0.15094185 0.056256294
ac: 0.004248008 0.12373066 0.065160275
ac: 0.011281922 0.15545845 0.06392336
ac: 0.005341649 0.14935303 0.055153847
ac: 0.025590733 0.14007568 0.10780001
ac: 0.016722307 0.15237331 0.08376455
ac: 0.00884901 0.1480465 0.056500435
ac: -0.006298229 0.14645863 0.069282055
ac: 0.008029506 0.1394167 0.032447815
ac: 0.0022710264 0.14089775 0.06903267
ac: 0.008829564 0.12597466 0.09291649
ac: -0.02291596 0.15376091 0.089395046
ac: -0.007633269 0.13973904 0.052206516
ac: 0.0039180517 0.1234684 0.06921482
ac: -0.0047683865 0.13881207 0.043882847
ac: 0.0020205528 0.13530827 0.101771355
ac: 0.0033100843 0.13378048 0.0791626
ac: 0.006675899 0.16019917 0.044209957
Position: 54.36987698 18.60742659
ac: -5.778074E-4 0.13817692 0.078715324
ac: 0.0046527237 0.14404297 0.09811878
ac: -0.0127590895 0.13160515 0.07513523
ac: 0.011247873 0.14008331 0.090435505
ac: -0.006662965 0.16042805 0.077243805
ac: -0.004068494 0.13018227 0.085011005
ac: 0.0043581277 0.14991283 0.073711395
ac: -0.0074710697 0.15513134 0.10279989
ac: -0.009610489 0.17473412 0.08332491
ac: 0.0032212287 0.16220284 0.082690716
ac: 0.0026368648 0.1461029 0.07594967
ac: 0.025049165 0.1287899 0.02926588
ac: 0.008044258 0.15340805 0.08542395
ac: -0.02430895 0.14036846 0.10495472
ac: -0.01752536 0.1340847 0.09353542
ac: -0.012168795 0.13287067 0.11991501
ac: 0.011695325 0.14328384 0.05655527
ac: -0.022075132 0.13429546 0.053463936
Position: 54.36987698 18.60742659
ac: 0.0066701323 0.14546299 0.08024359
ac: 0.01789996 0.14811993 0.04503107
ac: -0.0019364506 0.15956306 0.08140278
ac: 0.0045565665 0.1397314 0.07679176
ac: -0.004434839 0.14413929 0.071563244
ac: 0.012974188 0.13445187 0.07655144
ac: -0.008028701 0.13630295 0.091421604
ac: 0.015065551 0.14221478 0.07961798
ac: -0.010905638 0.14630795 0.041443348
ac: -0.004437402 0.15816784 0.053654194
ac: 0.012699172 0.13471127 0.09039545
ac: 0.0031531304 0.14515209 0.052192688
ac: -0.0074239373 0.13818645 0.06974745
ac: 0.0057866275 0.13406754 0.08693409
ac: -0.002620265 0.13813019 0.060189247
ac: -0.027356572 0.14781284 0.031810284
ac: -0.007256612 0.14655018 0.06369305
ac: 0.0022439063 0.15809917 0.0632987
Position: 54.36987698 18.60742659
ac: 0.0016085953 0.1492033 0.07688141
ac: 0.004446104 0.13110638 0.07001543
ac: -0.014070466 0.13040066 0.079743385
ac: 0.028322563 0.14133263 0.077121735
ac: 0.0060745776 0.14036846 0.0634985
ac: 0.013977736 0.1278553 0.08314657
ac: 5.557984E-4 0.1376524 0.06533766
ac: 0.025729626 0.12235546 0.08754444
ac: 0.002292499 0.143157 0.06747961
ac: -3.30925E-4 0.15626049 0.098118305
ac: 0.012310535 0.14252281 0.048462868
ac: 0.013821304 0.14759827 0.071792126
ac: -0.0025256425 0.1371746 0.075900555
ac: -0.004523903 0.14521408 0.058576584
ac: -0.0018179417 0.16190243 0.08684063
ac: -0.005159721 0.1524992 0.06199026
ac: -0.0042677373 0.14993477 0.05880928
ac: 0.008801222 0.1431055 0.07543659
ac: 3.671497E-4 0.14069176 0.05627489
Position: 54.36987698 18.60742659
ac: 0.0058519393 0.1495552 0.069680214
ac: -0.0036863685 0.15853119 0.08403349
ac: -0.011423379 0.13853455 0.0564785
ac: 0.0022441298 0.13328552 0.06640625
ac: 0.010956496 0.13046646 0.07501745
ac: -0.007162735 0.14059162 0.06851339
ac: -0.002877608 0.13207436 0.069404125
ac: 0.007147759 0.12112045 0.09243822
ac: 4.6023726E-4 0.13733959 0.09947872
ac: -0.0025528371 0.13600063 0.09673262
ac: 0.022469014 0.13763046 0.080979824
ac: -0.008815542 0.13864422 0.03221941
ac: 0.010086656 0.14644146 0.06513119
ac: -0.0115392655 0.12192631 0.08422279
ac: -0.0042843223 0.1340313 0.08275652
ac: -0.0067201704 0.13982964 0.08426809
ac: -0.0018045753 0.14916039 0.04233694
ac: 0.016172692 0.12823582 0.08057165
Position: 54.36987698 18.60742659
ac: 0.023281068 0.14435291 0.07587576
ac: 0.018578514 0.1215744 0.09753895
ac: 0.025095493 0.13319492 0.085062504
ac: 0.007847279 0.13419724 0.054415703
ac: -0.005063787 0.1301632 0.070888996
ac: 0.018487185 0.1445198 0.06488705
ac: -0.007986829 0.13355255 0.08024454
ac: 0.00846234 0.15538979 0.070632935
ac: 0.0019511431 0.15572834 0.07472372
ac: 0.0038327128 0.1484394 0.07435417
ac: 0.0142053515 0.12715244 0.060165405
ac: -0.006466642 0.13386345 0.0730319
ac: -0.003669858 0.14960861 0.08642626
ac: -0.009680122 0.13825703 0.08158493
ac: 0.01738128 0.14651966 0.10398388
ac: 0.0019111037 0.13664341 0.08416557
ac: -0.00444375 0.16435623 0.060446262
ac: -0.014400363 0.14860058 0.07217789
Position: 54.36987698 18.60742659
ac: 0.0102285445 0.12544155 0.09034872
ac: 0.017599657 0.15814209 0.06146717
ac: -0.008374959 0.14818096 0.06464338
ac: 0.013839945 0.14241982 0.11500168
ac: 0.008651659 0.16076946 0.069925785
ac: 0.013708577 0.12542725 0.066399574
ac: 0.009307995 0.15267944 0.0418725
ac: 0.0019486547 0.14870453 0.099479675
ac: 0.01916714 0.15250397 0.095513344
ac: -0.010306731 0.12528992 0.07576084
ac: -0.006305963 0.16226006 0.06826401
ac: -0.02597966 0.13943577 0.04617834
ac: -0.0056519657 0.14818478 0.060470104
ac: -0.010839075 0.16277218 0.08043051
ac: -0.0024747998 0.14217567 0.0910902
ac: -0.0040680617 0.14595032 0.05779028
ac: 0.0014380068 0.167243 0.1205225
ac: -0.0101715475 0.14993382 0.07193613
ac: -4.5871735E-4 0.13097477 0.091319084
Position: 54.36987698 18.60742659
ac: 0.0036205351 0.15390682 0.087954044
ac: 3.0255318E-4 0.12485981 0.08852339
ac: -0.011002228 0.16943264 0.07897425
ac: -0.0038960576 0.12945175 0.059025288
ac: -0.0064594 0.15960121 0.09984684
ac: -0.0063430816 0.14832878 0.030827522
ac: -0.0010740608 0.16059113 0.06560612
ac: -0.001617372 0.15383911 0.05521679
ac: 0.011834666 0.156703 0.053002834
ac: 0.018042952 0.15081882 0.0581913
ac: -0.008218661 0.14088821 0.08283377
ac: -0.021855488 0.1422844 0.07158184
ac: -0.0064783245 0.116999626 0.05870962
ac: 0.0053696334 0.15222073 0.07443619
ac: 0.014849842 0.14685726 0.08160305
ac: 0.0145715475 0.13228703 0.083217144
ac: -0.007110849 0.13512897 0.0535779
ac: -0.0010651499 0.14614868 0.056685448
Position: 54.36987698 18.60742659
ac: 0.01909466 0.14911938 0.06933451
ac: 0.021456778 0.1439228 0.06058979
ac: 0.010454103 0.13059616 0.09748411
ac: -0.0054062456 0.14294147 0.111738205
ac: -0.0033126324 0.12791348 0.11783314
ac: -0.0069928616 0.13677311 0.07384205
ac: 0.014957026 0.14673519 0.05628252
ac: 0.010269389 0.12704372 0.074754715
ac: 0.004220471 0.13233185 0.05931568
ac: 0.012951836 0.12763119 0.07773638
ac: 0.018313155 0.13022518 0.081460476
ac: 0.0074398667 0.1399889 0.08108091
ac: -0.005040109 0.14412403 0.058400154
ac: -0.012155414 0.14182758 0.06301832
ac: -0.011917517 0.14905453 0.06894493
ac: 0.0059086382 0.14764404 0.0759449
ac: 0.0038913786 0.1452303 0.08731842
ac: -0.0011566281 0.13799953 0.06408119
Position: 54.36987698 18.60742659
ac: 0.014187813 0.12740803 0.06372261
ac: -0.009332836 0.13793564 0.055210114
ac: 0.0035176575 0.1555357 0.086444855
ac: 0.013772935 0.16439915 0.075876236
ac: 0.008800715 0.1296053 0.08800316
ac: -0.00968954 0.14267826 0.04572487
ac: 0.014985234 0.14643574 0.10346079
ac: -0.0015832633 0.13355541 0.06462526
ac: 0.008242056 0.15859985 0.08871031
ac: 0.0010728091 0.14205933 0.09302807
ac: 0.02929689 0.1490736 0.07601118
ac: -0.006876603 0.13044071 0.061261177
ac: 0.0021919608 0.12374878 0.083622456
ac: 0.0019071549 0.15193462 0.068564415
ac: 7.2591007E-4 0.13258934 0.077340126
ac: 0.01629524 0.13955975 0.08078194
ac: -5.314052E-4 0.12531948 0.04700613
ac: 0.01540713 0.13328075 0.06585693
ac: -0.011796817 0.14423752 0.08162689
Position: 54.36987698 18.60742659
ac: -0.01138933 0.15132523 0.06984949
ac: -0.0029286742 0.14375305 0.08736086
ac: 0.006415054 0.13082886 0.06648779
ac: -0.0065698773 0.14812946 0.083884716
ac: 0.0052002072 0.13290215 0.08378792
ac: 0.0040163994 0.13593864 0.06992531
ac: 0.010023892 0.14622498 0.06252861
ac: -0.0033916235 0.13765526 0.047935486
ac: 0.02571787 0.12002373 0.053221703
ac: -1.860261E-4 0.13150597 0.043487072
ac: -0.009634957 0.13100433 0.07503557
ac: 0.0082113 0.12977314 0.04337597
ac: -0.005306065 0.12918377 0.05415678
ac: 0.009125486 0.1499958 0.053236485
ac: -0.016823351 0.14758778 0.047860622
ac: 0.0040181577 0.15020752 0.08688545
ac: 0.00793013 0.13690567 0.043527126
ac: 0.02121149 0.15420532 0.07662201
Position: 54.36987698 18.60742659
ac: 0.0064936727 0.16712189 0.050876617
ac: -2.566725E-4 0.14138508 0.074780464
ac: 0.010036677 0.15425682 0.06998682
ac: 0.0038734823 0.1394453 0.10316706
ac: 0.0020065904 0.1357336 0.07285929
ac: -0.015246376 0.13750267 0.08788729
ac: 0.015479535 0.12608147 0.08858824
ac: 0.01669 0.14383602 0.058412552
ac: 0.00494425 0.14954472 0.092514515
ac: 0.013487548 0.14511108 0.0726223
ac: -0.009485766 0.15494633 0.08528471
ac: -0.0028404146 0.13496876 0.11148596
ac: 0.013981849 0.13921452 0.10539675
ac: -0.004157424 0.1544323 0.095290184
ac: -0.028311387 0.14458656 0.06295061
ac: -0.004370913 0.13685322 0.06044197
ac: -0.01259695 0.16098404 0.06958628
ac: 0.006520927 0.17211819 0.06521511
Position: 54.36987698 18.60742659
ac: 0.014262766 0.16481876 0.088207245
ac: -0.010945097 0.15363693 0.08193064
ac: -0.0029685795 0.13777733 0.043590546
ac: 0.0076546073 0.14202118 0.013477802
ac: 0.004123509 0.13606453 0.06315613
ac: -0.0061786175 0.13691235 0.0842247
ac: 0.030846104 0.13714504 0.08134508
ac: -0.0036969632 0.14234543 0.07998562
ac: -0.009165078 0.12102795 0.08307791
ac: -0.0028544515 0.13094711 0.06808233
ac: -2.2999942E-4 0.15098381 0.093221664
ac: -0.002692461 0.14437103 0.06514931
ac: 3.9631128E-4 0.1482687 0.081254005
ac: 0.0025542974 0.15785694 0.04535103
ac: -0.0081049055 0.15025616 0.05577469
ac: 0.008704767 0.15372849 0.06677151
ac: -0.0057864785 0.12679958 0.07093763
ac: -0.0033742338 0.12816238 0.08673382
ac: 0.0098223835 0.124871254 0.076565266
Position: 54.36987698 18.60742659
ac: -0.0025205314 0.12951756 0.045742035
ac: 0.020592421 0.13167667 0.08635759
ac: -0.011104748 0.13894367 0.09154558
ac: 0.008943692 0.13024712 0.068220615
ac: -0.003158912 0.14430332 0.06644297
ac: -0.0019429624 0.13106728 0.07257795
ac: -3.8146973E-5 0.14113045 0.06738138
ac: -0.012452573 0.13323307 0.07360506
ac: 0.002699405 0.15719128 0.05618763
ac: -0.0169556 0.14600182 0.049788475
ac: -0.0020733029 0.14414978 0.048144817
ac: 7.2671473E-4 0.1474514 0.082850456
ac: -1.8268824E-5 0.12545967 0.08913946
ac: -0.0011336058 0.1317501 0.07476473
ac: 2.1545589E-4 0.11987591 0.08233547
ac: 0.008511886 0.13949013 0.037683964
ac: 0.011348277 0.15519238 0.07390022
ac: 0.01094985 0.1445713 0.102927685
Position: 54.36987698 18.60742659
ac: 0.0117366165 0.16457653 0.052201748
ac: -0.0018661618 0.13341141 0.076199055
ac: 0.02005437 0.15849018 0.07396746
ac: -0.003581524 0.15352249 0.07193375
ac: -0.008634403 0.1286993 0.0766139
ac: 0.003341645 0.1156683 0.057187557
ac: 0.0041030496 0.14739227 0.083527565
ac: 0.018146485 0.15527058 0.051043987
ac: -0.006945148 0.14446545 0.077997684
ac: -3.9075315E-4 0.14231586 0.06555748
ac: 0.004199803 0.14853573 0.06204319
ac: -0.0056842566 0.13558388 0.07958126
ac: 0.008887947 0.14627552 0.07436848
ac: -0.0023606718 0.16608143 0.0628953
ac: 0.0036972463 0.139184 0.035318375
ac: -0.006791562 0.12777519 0.06537008
ac: -0.004474297 0.12501049 0.040916443
ac: -0.00728409 0.11685753 0.09194517
Position: 54.36987698 18.60742659
ac: -0.0033026189 0.13765526 0.0791378
ac: -0.015503943 0.13944244 0.046821117
ac: 0.009349644 0.11268997 0.09973192
ac: -0.018546596 0.13196373 0.081510544
ac: -0.013921425 0.13073158 0.08937359
ac: 0.0046840757 0.1520729 0.06941843
ac: 0.008201286 0.13659668 0.08296633
ac: -0.009878054 0.12440872 0.051691532
ac: 0.010569841 0.1339817 0.06367016
ac: -0.002416119 0.1632204 0.04053831
ac: 0.004719138 0.1436863 0.070622444
ac: 0.0034773946 0.1423645 0.049321175
ac: -0.0056415796 0.13869572 0.08476305
ac: 0.024216443 0.12976646 0.05839777
ac: 0.0052257776 0.13599777 0.079405785
ac: -0.0065211505 0.15023899 0.05036974
ac: 0.008013576 0.13869476 0.10274744
ac: 0.007303968 0.14092445 0.0863328
ac: 0.015300602 0.11954212 0.03999138
Position: 54.36987829 18.60745981
ac: -0.0129807 0.13686657 0.07954264
ac: -0.012120858 0.13818741 0.10444355
ac: -0.002687052 0.13104534 0.06363392
ac: 0.007234186 0.15402603 0.08592987
ac: 3.7908554E-5 0.15617561 0.11456156
ac: -0.005898267 0.14770508 0.09442568
ac: -0.009280816 0.13356018 0.065852165
ac: -0.002929926 0.1363802 0.07151699
ac: 0.023888677 0.13609695 0.078084946
ac: 0.005494952 0.12766075 0.09968567
ac: -3.530532E-4 0.13394547 0.06556511
ac: 0.008936688 0.12757206 0.09633875
ac: 7.394105E-4 0.128582 0.055957794
ac: 0.0025476366 0.12910938 0.09795427
ac: 3.4704804E-4 0.13838959 0.061433315
ac: 0.009355128 0.15117645 0.11423588
ac: 0.0023849905 0.14189148 0.06278324
ac: -0.013372555 0.14315033 0.09254503
Position: 54.36987829 18.60745981
ac: 0.021795362 0.1264286 0.047024727
ac: -0.0030623823 0.1420908 0.07617521
ac: -0.0022035092 0.13423634 0.07388306
ac: 0.010008484 0.14231873 0.068445206
ac: -0.00458616 0.13413048 0.06864643
ac: -7.869899E-4 0.13841152 0.0768671
ac: -7.750094E-4 0.1377573 0.078157425
ac: -7.46727E-4 0.13239479 0.07090187
ac: -0.0018197596 0.14885998 0.06552172
ac: 0.0101979375 0.15177727 0.07346535
ac: 0.0117055625 0.1564579 0.058734417
ac: -0.0011603534 0.14486217 0.032269478
ac: 0.008001596 0.1422453 0.06206274
ac: 4.6761334E-4 0.12837219 0.07907963
ac: -6.1784685E-4 0.14326763 0.04801798
ac: -0.0063918233 0.14650822 0.081670284
ac: 0.006812826 0.1293211 0.05439663
ac: -0.011250794 0.1423254 0.04691553
Position: 54.36987829 18.60745981
ac: 0.0012777597 0.1351347 0.06433916
ac: 0.01708828 0.13305187 0.09303951
ac: -0.02325213 0.1376419 0.06226778
ac: 0.0013469458 0.14729309 0.032213688
ac: -0.009176627 0.15298653 0.06802511
ac: 0.009132504 0.14940262 0.044637203
ac: 5.094856E-4 0.15789509 0.052199364
ac: -0.008943915 0.15135098 0.059937
ac: 0.010927498 0.12030506 0.06098795
ac: 5.028993E-4 0.15744591 0.06458235
ac: 0.00396657 0.14195633 0.041693687
ac: 0.014601424 0.13635254 0.08467054
ac: -0.015210941 0.13368416 0.095398426
ac: 0.007752374 0.14361286 0.07257891
ac: -0.004472032 0.14718628 0.08991957
ac: -0.0067702234 0.14243889 0.069493294
ac: 0.02322349 0.1260519 0.06698036
ac: 0.024787381 0.13511753 0.0716486
ac: -0.019888356 0.14478111 0.087584496
Position: 54.36987829 18.60745981
ac: -0.002194658 0.1351738 0.0930419
ac: 0.009791911 0.15213871 0.06513071
ac: 0.008649752 0.14492512 0.058075428
ac: -0.012831569 0.12853336 0.08779669
ac: 0.007031068 0.14027119 0.07983637
ac: 4.0477514E-4 0.13251877 0.0665884
ac: -8.160621E-4 0.1386919 0.07993317
ac: 0.015162706 0.13701153 0.046175957
ac: 0.009641394 0.1384325 0.086428165
ac: -0.013232127 0.12469578 0.055249214
ac: -0.0023913532 0.14771843 0.082803726
ac: -0.011476502 0.1369381 0.0720768
ac: 0.010196403 0.12249279 0.048917294
ac: -0.0031052083 0.15826607 0.07854891
ac: 0.012699619 0.13942432 0.09047365
ac: -0.0015079975 0.1384449 0.051747322
ac: 0.004125625 0.16699028 0.071864605
ac: -0.01121895 0.14994812 0.06817627
Position: 54.36987829 18.60745981
ac: -0.013972789 0.12732029 0.04699564
ac: -0.0058409125 0.14445686 0.08752298
ac: 0.009687871 0.15487576 0.079315186
ac: -0.008611828 0.12991047 0.083167076
ac: 0.0053828657 0.13910294 0.05701542
ac: -0.0020993948 0.13398838 0.06428623
ac: -0.01671587 0.16171455 0.078266144
ac: 0.005541861 0.14023495 0.045150757
ac: -0.0067718327 0.1373682 0.043069363
ac: -0.0033241808 0.14326477 0.06718397
ac: 0.006700158 0.13288784 0.089746
ac: 0.018528983 0.12661743 0.047850132
ac: 0.008598834 0.13468742 0.07837057
ac: -0.0053976923 0.12695408 0.09142399
ac: -0.0055235177 0.12670612 0.08533716
ac: -0.023242489 0.15052319 0.06703186
ac: 0.012141839 0.14034653 0.04964876
ac: 0.01617086 0.15937328 0.06131029
Position: 54.36987829 18.60745981
ac: -0.012126341 0.12740993 0.08937788
ac: -0.0069125593 0.12875557 0.05673647
ac: -0.01861827 0.12711716 0.08577585
ac: -0.0013924092 0.14260864 0.04874277
ac: 0.002052322 0.14274788 0.087442875
ac: 0.0049541146 0.14552307 0.06636095
ac: -0.018440649 0.14994621 0.060489178
ac: 0.0024504513 0.14810848 0.086268425
ac: 0.019364491 0.13907623 0.055883408
ac: -0.0077780783 0.14988804 0.0461545
ac: 0.010866627 0.1458559 0.06073284
ac: -7.1647763E-4 0.14216709 0.09503126
ac: -0.012614712 0.13006973 0.0737586
ac: 0.007914647 0.13868046 0.07024574
ac: 0.009787902 0.14155006 0.069904804
ac: 0.017111868 0.14189053 0.071065426
ac: 0.0038369596 0.14508247 0.06708479
ac: 0.01435855 0.14034843 0.05983305
Position: 54.36987829 18.60745981
ac: -0.012126341 0.12740993 0.08937788
ac: -0.0069125593 0.12875557 0.05673647
ac: -0.01861827 0.12711716 0.08577585
ac: -0.0013924092 0.14260864 0.04874277
ac: 0.002052322 0.14274788 0.087442875
ac: 0.0049541146 0.14552307 0.06636095
ac: -0.018440649 0.14994621 0.060489178
ac: 0.0024504513 0.14810848 0.086268425
ac: 0.019364491 0.13907623 0.055883408
ac: -0.0077780783 0.14988804 0.0461545
ac: 0.010866627 0.1458559 0.06073284
ac: -7.1647763E-4 0.14216709 0.09503126
ac: -0.012614712 0.13006973 0.0737586
ac: 0.007914647 0.13868046 0.07024574
ac: 0.009787902 0.14155006 0.069904804
ac: 0.017111868 0.14189053 0.071065426
ac: 0.0038369596 0.14508247 0.06708479
ac: 0.01435855 0.14034843 0.05983305
ac: 0.004049495 0.13616848 0.07714558
ac: -0.0021009892 0.13610363 0.0688386
ac: 0.0022955686 0.14889431 0.055333138
ac: 0.00422062 0.15319633 0.08925438
ac: 0.0070302635 0.15122223 0.06986284
ac: 0.0014969707 0.13160133 0.07442284
ac: -0.0017881244 0.13230133 0.06646204
ac: 0.0034418106 0.13066292 0.07211971
ac: 0.013914615 0.13655281 0.05800438
ac: 5.9343874E-4 0.14901161 0.07799482
ac: 0.013624325 0.14878082 0.05806589
ac: 0.011994392 0.12806892 0.071331024
ac: 0.025682792 0.14684105 0.08051014
ac: -0.006222382 0.14838982 0.0755949
ac: 0.0021907985 0.14405632 0.050107002
ac: 0.004979253 0.13073063 0.04561138
ac: 0.027339771 0.13735962 0.084456444
ac: 0.0057628006 0.12263775 0.07444191
ac: -0.0042754114 0.14660358 0.056402206
Position: 54.36987829 18.60745981
ac: 0.01347205 0.12927341 0.10724115
ac: 0.0011021197 0.13933468 0.118851185
ac: -0.0038895607 0.13649654 0.071255684
ac: 0.009277388 0.13382626 0.117907524
ac: -0.0072820485 0.15062428 0.08428812
ac: -0.004845038 0.13646889 0.041391373
ac: 0.014086381 0.15515614 0.07465267
ac: 0.022514686 0.14359188 0.03850746
ac: 3.9805472E-4 0.12676907 0.055338383
ac: 0.01679939 0.14400578 0.056797028
ac: 0.0025126487 0.12383556 0.061818123
ac: 0.0016070753 0.13567638 0.08365202
ac: -6.188005E-4 0.1470623 0.07942581
ac: 0.00127244 0.13082981 0.06885195
ac: -6.201118E-4 0.1400547 0.07671356
ac: -7.94068E-4 0.13719845 0.074623585
ac: -0.005942464 0.15433407 0.08941126
ac: 0.008731663 0.12202549 0.09830761
Position: 54.36987829 18.60745981
ac: 0.00791581 0.118546486 0.09448004
ac: 0.009429947 0.14506721 0.04810381
ac: 0.0032108575 0.15176201 0.08859825
ac: -0.0011352152 0.14597034 0.050517082
ac: 0.0011973977 0.12195873 0.036886215
ac: -0.009490296 0.120331764 0.06712389
ac: 0.008910298 0.13967228 0.09788227
ac: -0.0046596676 0.1292181 0.06547403
ac: -0.008559525 0.14188385 0.08981037
ac: -0.008538112 0.15262699 0.065829754
ac: 0.00733684 0.12207794 0.050910473
ac: -0.0075252056 0.13217163 0.061825275
ac: -0.006813407 0.14629269 0.075481415
ac: 0.021673128 0.14498043 0.045169353
ac: 0.012654752 0.13291645 0.058603764
ac: -0.0074186027 0.13998222 0.06782436
ac: 0.018065825 0.14052391 0.072104454
ac: 0.004390791 0.12434673 0.052999973
Position: 54.36987829 18.60745981
ac: 0.009093776 0.1557045 0.051914692
ac: 0.006466493 0.13539696 0.056105614
ac: -0.0019391626 0.13391495 0.09979296
ac: 0.018081978 0.1498127 0.04642105
ac: -0.009245887 0.13962364 0.058425426
ac: 0.018420413 0.12727833 0.08069849
ac: 0.0102405995 0.13831234 0.053267002
ac: -0.011656314 0.13545322 0.0554595
ac: -0.0041791946 0.153471 0.0726943
ac: -0.010436118 0.15149212 0.063465595
ac: -0.0069690347 0.13332176 0.07279825
ac: 0.019697517 0.15775585 0.04493475
ac: -0.018666416 0.13820457 0.08280134
ac: -0.0042530596 0.13995266 0.02786541
ac: -0.010027394 0.11988735 0.09600735
ac: 0.0042842627 0.1390953 0.036658287
ac: -4.5067072E-4 0.14638424 0.07118082
ac: -0.008504346 0.12786293 0.06751251
ac: -0.0026700944 0.13134098 0.06172943
Position: 54.36987829 18.60745981
ac: -0.005392 0.12729645 0.060868263
ac: 0.005233079 0.13823509 0.08089447
ac: -0.0037490577 0.15796661 0.05941677
ac: 0.023655161 0.14282131 0.039463043
ac: -0.010829285 0.14041519 0.039435863
ac: -0.0024179518 0.16062737 0.0708065
ac: 0.0019063503 0.13453388 0.085886
ac: 0.019497454 0.14454746 0.050344944
ac: -0.013628781 0.1342411 0.060779095
ac: 0.006430328 0.1322298 0.033035755
ac: 0.0013209581 0.115986824 0.015834808
ac: -0.009472981 0.13955116 0.09791851
ac: -0.0026389062 0.14115047 0.041402817
ac: 0.006529629 0.13610268 0.061705112
ac: 3.2024086E-4 0.13667297 0.083307266
ac: 1.1113286E-4 0.14017868 0.06732941
ac: -1.694411E-4 0.1317749 0.079990864
ac: -5.37917E-4 0.1373167 0.06414175
Position: 54.36987829 18.60745981
ac: -0.012605503 0.13093662 0.08530998
ac: -0.014657825 0.13897038 0.102210045
ac: 0.006811872 0.1364603 0.074299335
ac: 0.005484417 0.12658691 0.049236774
ac: -0.011031315 0.14211082 0.08819151
ac: 0.0074647814 0.13880253 0.062449932
ac: -0.011746332 0.15399742 0.07158184
ac: 0.010053486 0.15489864 0.0739584
ac: 0.0026301295 0.12625027 0.05406189
ac: 0.0050379187 0.13719368 0.066245556
ac: -0.010000512 0.144001 0.08193159
ac: 0.0011233091 0.13518524 0.04151678
ac: 0.006268993 0.13807678 0.07637024
ac: 0.0100168735 0.15068913 0.051725388
ac: -0.0068864673 0.1431961 0.07387495
ac: -0.0026402175 0.13905048 0.07973719
ac: -0.002088502 0.13590336 0.103405
ac: 0.008151665 0.1566801 0.06312132
Position: 54.36987829 18.60745981
ac: 0.0024319887 0.12834167 0.0820508
ac: -0.009240195 0.13682365 0.053632736
ac: -0.008329734 0.13481236 0.06311178
ac: -0.008335426 0.13939095 0.085660934
ac: -0.0016709268 0.12243843 0.086643696
ac: 0.00538601 0.13261604 0.04475212
ac: 0.0041879565 0.1388197 0.075451374
ac: 0.008513778 0.10709572 0.04252386
ac: 0.003272459 0.14917469 0.07445097
ac: -0.00377886 0.15176487 0.08364344
ac: 0.020178363 0.12426376 0.061345577
ac: 0.0030590296 0.16313171 0.0446949
ac: 0.013959035 0.14541912 0.07056522
ac: 7.828176E-4 0.14195728 0.06432581
ac: 0.007549837 0.13162804 0.076597214
ac: 0.0044867992 0.12244606 0.08479929
ac: 0.011545479 0.14613628 0.051858902
ac: 0.005560115 0.13419151 0.054224968
ac: 0.016544744 0.14351177 0.04464245
Position: 54.36987971 18.60749602
ac: -0.007894844 0.14663315 0.103037834
ac: -0.00985533 0.14459038 0.07897711
ac: -0.003303215 0.14237404 0.06362057
ac: 0.01709406 0.14193153 0.045308113
ac: 7.22751E-4 0.15402794 0.061219215
ac: -0.003951803 0.13340664 0.06718445
ac: 0.020348594 0.14474964 0.063676834
ac: 0.011321887 0.14494419 0.060328484
ac: -0.0068538785 0.124726295 0.106161594
ac: 0.0012594312 0.16206264 0.059586525
ac: -6.7330897E-4 0.13008976 0.06372166
ac: -0.008103669 0.1356287 0.07358599
ac: 9.268373E-4 0.15299511 0.11967039
ac: 0.0053564906 0.13861847 0.104141235
ac: -0.0065546185 0.14381218 0.057882786
ac: -0.0068377405 0.14229298 0.08065176
ac: 0.010917991 0.1434021 0.03349161
ac: 0.010645822 0.11845875 0.2640562
Position: 54.36987971 18.60749602
ac: -0.013556957 0.13309574 0.38035917
ac: 0.016087294 0.10398197 0.023192406
ac: -0.015160233 0.13696289 -0.053112984
ac: -0.011948213 0.16163921 0.07821274
ac: -0.0017104596 0.1471672 0.13343239
ac: -0.03207791 0.1389265 0.17505598
ac: -0.019750342 0.10259056 0.1346283
ac: 0.008809701 0.16094398 -0.0096440315
ac: -0.001327008 0.15560436 3.7813187E-4
ac: -0.01269187 0.16141415 0.042040348
ac: -0.013321117 0.1328125 0.08367157
ac: 0.0075651854 0.13317776 0.0967412
ac: -0.0030639917 0.14527321 0.11866093
ac: 0.0036973208 0.116705894 0.04890251
ac: 0.006814286 0.14398098 0.011125565
ac: -0.0014591813 0.15119171 0.0691123
ac: -5.906671E-4 0.13904381 0.07605219
ac: -0.002735421 0.14148045 0.07178831
Position: 54.36987971 18.60749602
ac: 0.0067415237 0.123202324 0.077236176
ac: 0.0050683767 0.16246033 0.031040668
ac: 0.013571933 0.13877201 0.047904015
ac: -0.021943167 0.16272163 0.099310875
ac: 0.006319046 0.13191128 0.09512615
ac: -7.9604983E-4 0.1460247 0.08962345
ac: -0.01650843 0.13032722 0.082110405
ac: -4.478246E-4 0.13114738 0.057720184
ac: 0.017310753 0.15021038 0.047716618
ac: -0.0010454208 0.13905907 0.073001385
ac: 0.0014799386 0.13597393 0.067825794
ac: -0.011417553 0.1399355 0.05333519
ac: 0.021636233 0.14966202 0.051896095
ac: 0.014163688 0.11755562 0.067059994
ac: 0.014545172 0.14318466 0.07392216
ac: 0.009558037 0.1411829 0.050941467
ac: 0.011192203 0.15118408 0.04227686
ac: -2.1904707E-6 0.14514637 0.10882473
ac: 0.0010521412 0.12722778 0.07822323
Position: 54.36987971 18.60749602
ac: -0.003148377 0.14992905 0.095089436
ac: 0.016947106 0.14202976 0.07499933
ac: 0.019338042 0.1493454 0.084307194
ac: 1.7856061E-4 0.1337452 0.055048466
ac: -0.012878627 0.10738754 0.0627985
ac: 0.0034594089 0.13290596 0.105685234
ac: 0.0088543445 0.15375423 0.06227827
ac: 0.011072665 0.16752052 0.046102047
ac: -0.013518244 0.13623333 0.043425083
ac: 0.0022990704 0.14723301 0.05014944
ac: -0.004411608 0.15140724 0.04006338
ac: 0.00984028 0.15070724 0.06299639
ac: -0.0047498196 0.142169 0.0729084
ac: 8.3337724E-4 0.14003086 0.08853006
ac: 0.0041030496 0.13198853 0.074689865
ac: -0.019856572 0.17292786 0.056784153
ac: -0.0016525984 0.13198471 0.063883305
ac: 0.019715488 0.17391872 0.07277298
Position: 54.36987971 18.60749602
ac: 0.026746184 0.13946915 0.07825804
ac: -0.013812259 0.13780975 0.07020903
ac: 0.018321827 0.14391232 0.052596092
ac: 0.017112017 0.15029812 0.04756689
ac: 0.008234084 0.13947392 0.055453777
ac: 0.010506779 0.13943005 0.045925617
ac: -0.0067340583 0.14625168 0.038253784
ac: 0.021983147 0.14391232 0.04658556
ac: 0.022995979 0.15467072 0.05916834
ac: 0.012607262 0.13816166 0.074873924
ac: 0.009495348 0.13142967 0.07578659
ac: -0.0034304857 0.14433098 0.07272291
ac: -0.0019330233 0.15613651 0.055739403
ac: -0.004898146 0.14300442 0.031115055
ac: -0.0016921163 0.15458202 0.07742691
ac: 0.0152349025 0.13551617 0.041341305
ac: -0.012844369 0.12880325 0.07930279
ac: 0.0015443712 0.1534481 0.07191372
Position: 54.36987971 18.60749602
ac: -0.004743099 0.13960552 0.0642395
ac: 0.03209485 0.16709518 0.08536625
ac: -0.0045442134 0.14426231 0.07653093
ac: -0.007331431 0.12709713 0.06293869
ac: -0.0016769916 0.117836 0.032962322
ac: -0.004047081 0.15783024 0.07745266
ac: -0.008845851 0.147686 0.098278046
ac: 0.0133539885 0.13798141 0.044017315
ac: 0.01753214 0.13718319 0.07376385
ac: 0.0048694313 0.12872028 0.07878828
ac: 0.004379377 0.1401205 0.07030916
ac: 0.020046458 0.15638733 0.070745945
ac: -0.012370393 0.14485359 0.11292791
ac: -0.0012565106 0.14771366 0.063554764
ac: 0.006116003 0.14377785 0.059487343
ac: 0.007568538 0.15126038 0.054115295
ac: -0.008265868 0.12096691 0.035710335
ac: 0.014637157 0.1303482 0.08637762
ac: -0.0091276765 0.13788033 0.041935444
Position: 54.36987971 18.60749602
ac: 0.006348431 0.14801884 0.062340736
ac: 3.477931E-5 0.15407085 0.045541763
ac: 0.0021547526 0.15043736 0.06534958
ac: -0.008235976 0.13987255 0.039206505
ac: 0.0047510713 0.14274502 0.08431959
ac: 0.017096087 0.12720966 0.077041626
ac: 0.0034362525 0.13906956 0.043141365
ac: -0.011871427 0.14849758 0.11045694
ac: -0.0074422807 0.13592815 0.059004784
ac: -0.01914367 0.15609169 0.058711052
ac: -0.0030100644 0.13946915 0.07820368
ac: 3.4303963E-4 0.13760376 0.070512295
ac: 0.008895189 0.13615417 0.021403313
ac: -0.001053527 0.1398468 0.07563019
ac: 0.014074117 0.142313 0.065886974
ac: 0.019720674 0.12307453 0.029610157
ac: -0.003032431 0.14557076 0.109166145
ac: 0.012257278 0.11788273 0.077189445
Position: 54.36987971 18.60749602
ac: -8.0788136E-4 0.13786602 0.0875411
ac: -0.0028918535 0.14827633 0.07811117
ac: -0.0024628788 0.14459133 0.08244896
ac: 0.006622568 0.12900448 0.061546326
ac: -0.0051354617 0.14603138 0.05803442
ac: -0.0080216825 0.14751053 0.09455824
ac: 0.0014046729 0.13612461 0.07478905
ac: -0.020002708 0.1383276 0.059071064
ac: -0.013179362 0.13269997 0.082271576
ac: 0.022347227 0.14014721 0.08890772
ac: -0.00420928 0.12939072 0.061320305
ac: -0.0037183613 0.15383911 0.039950848
ac: 0.011578798 0.14451027 0.089178085
ac: -0.012282416 0.1646061 0.059178352
ac: 0.0073587745 0.13324356 0.059040546
ac: 0.012730449 0.13770962 0.062663555
ac: 0.0073074102 0.14353085 0.086342335
ac: 0.010768354 0.13132381 0.055150986
Position: 54.36987971 18.60749602
ac: -0.0028498322 0.12739468 0.073774815
ac: -0.0029006898 0.1530075 0.0554204
ac: 0.0071223974 0.13330746 0.078713894
ac: -0.01741393 0.13730145 0.09942055
ac: 0.0015755743 0.15545177 0.07507563
ac: -8.636415E-4 0.14588547 0.09780979
ac: -0.015811905 0.13347626 0.06813574
ac: 0.0029126853 0.13359451 0.06676388
ac: 0.01201506 0.13157272 0.0630126
ac: -0.0070043206 0.14025593 0.062378883
ac: -0.0021850914 0.1449318 0.03571701
ac: -0.0049755275 0.13433933 0.07184982
ac: -6.133914E-4 0.12807655 0.06706333
ac: 0.021220624 0.14432812 0.06394482
ac: -0.009584188 0.15623379 0.08558941
ac: 0.01268208 0.13402176 0.08268595
ac: -0.012106314 0.14204788 0.07675171
ac: 0.0039363205 0.15528488 0.052680492
ac: 0.02041626 0.1271429 0.03059864
Position: 54.36987971 18.60749602
ac: 0.009474084 0.12960052 0.05557394
ac: -0.0028233826 0.16026592 0.05289316
ac: -0.0018503815 0.14032936 0.06397486
ac: 0.0015277117 0.1376028 0.051460266
ac: 0.012681425 0.13365364 0.050961494
ac: 0.014455304 0.13530731 0.08055544
ac: 0.0137438625 0.1324234 0.06607628
ac: 0.005903676 0.13601685 0.07451105
ac: 0.009644836 0.14134121 0.0452857
ac: -0.006759122 0.13832474 0.06328201
ac: 0.011969551 0.15038586 0.07748747
ac: -0.008960798 0.14344501 0.07404423
ac: -0.0038826168 0.124959946 0.101401806
ac: 0.0055283457 0.14662361 0.10412502
ac: 0.005839303 0.14184952 0.048991203
ac: 0.020319745 0.15213966 0.04518318
ac: 0.0072101504 0.13948631 0.06390715
ac: -0.010901406 0.13130474 0.07609892
Position: 54.36987971 18.60749602
ac: -0.0053819865 0.13673401 0.061064243
ac: -0.009403706 0.12253952 0.0672946
ac: 0.017284885 0.12380791 0.077280045
ac: 0.008030161 0.13915157 0.083114624
ac: -0.0052832067 0.13935947 0.052755833
ac: 0.0056286603 0.14044285 0.086481094
ac: 0.0022478402 0.13247776 0.056915283
ac: 0.010668397 0.14893913 0.049155712
ac: 0.0071587116 0.14282703 0.08471632
ac: 0.009424463 0.13904762 0.08388376
ac: 0.015008554 0.13602257 0.05640459
ac: -0.013005689 0.13573837 0.05343485
ac: 0.015585467 0.1593647 0.09236336
ac: -0.0032120198 0.15000916 0.05475855
ac: 0.0077029765 0.15122223 0.076919556
ac: 0.012917429 0.13808918 0.111545086
ac: 0.0075802356 0.13461018 0.08914137
ac: 0.009678513 0.15417385 0.060195923
Position: 54.36987971 18.60749602
ac: 0.011556953 0.14517784 0.07944822
ac: 0.0026253164 0.14971066 0.08117247
ac: -0.011162251 0.15784454 0.06371689
ac: -0.0026630163 0.1401205 0.018970966
ac: 0.002975151 0.1582222 0.074959755
ac: 0.014357388 0.14267063 0.077898026
ac: -0.0030094832 0.14159393 0.051934242
ac: 0.008713245 0.1405716 0.048571587
ac: 0.004489571 0.15496445 0.08146334
ac: -0.020671979 0.1331501 0.06585646
ac: 0.0038417727 0.1283617 0.054482937
ac: -0.0065835416 0.13012505 0.050396442
ac: -0.0073023587 0.1447649 0.060599327
ac: -0.010450885 0.15143299 0.059216976
ac: -0.012277216 0.13162231 0.02944231
ac: -0.009791985 0.124209404 0.07176542
ac: 0.0024037808 0.15662193 0.05783081
ac: -0.014810324 0.1539402 0.0410676
ac: -0.007724896 0.13897991 0.03687048
Position: 54.36987971 18.60749602
ac: 0.0048255324 0.12898827 0.05442381
ac: -0.0064492524 0.15048027 0.076694965
ac: 0.005613163 0.1516552 0.035469055
ac: 0.002685368 0.12403965 0.065012455
ac: -0.015413851 0.15048122 0.098885536
ac: -0.0033455938 0.11083603 0.078232765
ac: 0.0018831193 0.13509655 0.05241871
ac: -0.018593863 0.1421957 0.06456995
ac: 0.0012554824 0.14584255 0.045911312
ac: -0.0016512126 0.14152527 0.061107635
ac: -0.0041746497 0.11531448 0.091311455
ac: -0.004624665 0.14433002 0.1123023
ac: 0.0124453455 0.13183022 0.05231476
ac: 0.00995937 0.14374352 0.048275948
ac: 0.011630014 0.14216137 0.047887802
ac: -0.009210825 0.13687229 0.05186367
ac: 0.0019539744 0.14565277 0.06839132
ac: 0.014957979 0.13337803 0.092954636
Position: 54.36987971 18.60749602
ac: 0.012154773 0.14652157 0.036126137
ac: 0.0034152865 0.13907719 0.09655142
ac: 0.0017039478 0.13055229 0.074058056
ac: 6.969571E-4 0.13971329 0.07186985
ac: -0.0029142797 0.1323185 0.065134525
ac: -0.0078766495 0.1373825 0.074726105
ac: 0.010360435 0.14286137 0.06859827
ac: -9.945631E-4 0.13199997 0.081968784
ac: -0.0021847934 0.1568718 0.06992626
ac: 0.008805171 0.14860058 0.06192541
ac: 8.278936E-4 0.13533688 0.052525043
ac: 0.0078455955 0.12266159 0.07189846
ac: 0.0014090538 0.1387434 0.07746458
ac: -0.008395702 0.14034462 0.06650114
ac: 0.009686768 0.10439491 0.08034229
ac: 0.017375797 0.12922001 0.08627653
ac: 0.0075511485 0.15052795 0.07006407
ac: 0.0033474118 0.13945293 0.061663628
Position: 54.36987971 18.60749602
ac: 0.022842392 0.13961124 0.073287964
ac: 0.001153335 0.14039993 0.04899168
ac: -0.0074227005 0.14734173 0.05304241
ac: 0.021461964 0.13014984 0.094567776
ac: 0.0015369207 0.12497425 0.06897402
ac: 0.007712111 0.13392067 0.060651302
ac: 0.0071323365 0.14705658 0.06969595
ac: 0.016478255 0.11777592 0.06604481
ac: -0.003522113 0.13943863 0.059802532
ac: 1.7637014E-4 0.14445877 0.05215168
ac: 0.017541572 0.14224148 0.08050585
ac: 0.0020881295 0.1496439 0.09563923
ac: -0.013587579 0.14647675 0.06481743
ac: 0.009162828 0.14029694 0.061610222
ac: 0.005809501 0.14550781 0.07335186
ac: -0.0016572028 0.1432209 0.079760075
ac: -0.010840178 0.15076828 0.065280914
ac: 0.008402869 0.12682629 0.055692673
Position: 54.36987971 18.60749602
ac: 0.0032931268 0.14866638 0.031216145
ac: -0.005206704 0.13746738 0.0788126
ac: -0.00328663 0.12937927 0.08781004
ac: -3.5355985E-4 0.13930702 0.05959463
ac: -0.0074093193 0.14667797 0.0825057
ac: 0.0039965957 0.13358116 0.054851055
ac: 1.6629696E-4 0.13569069 0.08951855
ac: 0.011903644 0.15390968 0.09255648
ac: 0.0059832484 0.1384306 0.07860708
ac: 0.004230991 0.14204884 0.050418854
ac: -0.0066569 0.1382904 0.060928345
ac: -0.015456378 0.12912941 0.08281708
ac: 0.009468019 0.14345932 0.07628298
ac: -0.0017543733 0.169281 0.059343815
ac: -0.012140751 0.12972546 0.10073805
ac: -0.006244585 0.14924431 0.056975365
ac: 0.013619795 0.1555214 0.07852793
ac: -0.00986965 0.12661362 0.072306156
ac: 0.007019311 0.14004612 0.0658164
Position: 54.36987971 18.60749602
ac: 0.018015116 0.13516808 0.07259512
ac: 0.005114138 0.147398 0.05658388
ac: -0.03108976 0.12464523 0.07992983
ac: -0.011734873 0.14799786 0.06187582
ac: 0.0036059022 0.14104748 0.061986446
ac: 0.0090492815 0.1574583 0.06502819
ac: 0.016169772 0.1451912 0.032185555
ac: 1.0083818 -0.8529873 -0.3802092
ac: -0.5403862 1.5335569 0.9884968
ac: 2.8799176 3.1938543 4.4601502
ac: 0.46623433 0.96918344 6.095824
ac: -1.7790807 1.5088477 -3.2188113
ac: -0.79565877 2.4835825 0.904572
ac: 2.9927657 -1.8001966 -0.6715536
ac: -0.41787922 0.36544943 1.7718644
ac: -0.3813454 -0.96240616 -2.7901578
ac: -0.8961466 0.20600033 -3.0177019
ac: -1.6112511 -0.6828346 -4.0696087
