Position: 54.37101505 18.61400261
ac: 0.7488289 0.07745075 0.8146925
ac: 0.69728947 -0.05290842 0.20347309
ac: 0.34636897 0.055878162 -0.24125195
ac: 1.0262808 0.08388996 -0.67796373
ac: 0.37475714 0.3876047 0.31161308
ac: 0.39420074 0.3451562 -0.035381317
ac: 0.55637735 0.24662495 -0.56688404
ac: 1.0193996 0.32759953 -0.7473345
ac: 1.7619352 0.8577647 -0.98622656
ac: 1.1907668 -1.2493963 -1.3019934
ac: -1.1171207 -1.4173989 2.2807875
ac: -4.6203537 0.24284387 -2.557354
ac: 1.542598 -2.5368025 0.29164886
ac: -0.012349784 0.53702366 1.3265543
ac: 0.5230062 0.26667368 1.1055136
ac: -0.09800506 0.42638338 1.9996243
ac: -2.4295566 -1.0296156 2.924306
ac: -1.3135368 -0.72083366 -0.3065977
ac: -0.6012379 0.016976833 -1.3227234
ac: -1.444268 -1.1954087 1.9539337
ac: -1.3020726 -2.117183 -3.1060796
ac: 1.3605237 0.013250351 -4.300489
ac: -2.308075 -2.6244164 0.79945564
ac: 0.7756072 0.7670288 -1.4986191
ac: 0.18865418 0.18844962 2.3052177
ac: 2.530295 0.46203995 3.7440577
ac: 2.1908522 -0.2541628 4.5117292
ac: 1.6819044 -1.469614 1.46807
ac: 2.309801 -2.0572968 -1.8561673
ac: 0.79435706 -1.2701137 -3.1818514
ac: -0.2357837 -0.5916325 -2.4976406
ac: -0.6631778 0.1549058 -3.7294707
ac: -1.4426332 0.7188122 0.097369194
ac: -0.9965365 0.8531995 2.4164762
ac: 1.3404934 1.0966585 3.3598938
ac: -1.2751822 0.89636016 3.8800573
ac: -1.6840883 -1.4184803 4.0926437
ac: 0.54532385 -1.466025 3.3433466
ac: -1.0142577 -1.5668776 -1.6197481
ac: -0.16427791 -0.9721856 -3.7692466
ac: -0.03311813 -1.1309929 -4.7228656
ac: -0.34613955 -0.82225895 -1.2592726
ac: 1.6252568 -0.19852924 1.2027187
ac: 0.81239104 0.30657673 1.8173685
ac: 3.3744154 -1.409266 5.7364817
ac: 0.42923903 -1.7206346 2.0064497
ac: 1.3701723 0.13944769 -2.394858
ac: -0.99688756 0.04530549 -2.903668
ac: -0.3825515 0.13738203 -3.9103312
ac: -0.42406186 0.39525938 -2.3076816
ac: -0.35292557 1.250184 1.0535364
ac: 0.9234213 1.8084521 2.3691158
ac: -0.7538196 1.6421561 2.939519
ac: -1.0024593 -0.8114853 1.7909994
ac: 1.5013278 -1.2494903 1.0529156
ac: -0.7877105 -1.2626369 -0.039143562
ac: -0.91326284 0.05637908 -3.0273795
ac: -0.21139455 0.40504932 -2.3387504
ac: -0.94000435 0.54384255 -0.8703947
ac: 3.4508672 0.5454395 3.49374
ac: -1.0519967 1.7575026 0.76466656
ac: 1.2234614 -1.4502118 4.1810904
ac: 1.4086592 -2.6374612 1.5018959
ac: 1.9702644 -0.93659186 -2.8644056
ac: -0.47709092 0.024620771 -2.6485038
ac: -0.9300368 0.82569027 -3.7631454
ac: -0.7938531 4.057769 -0.51662445
ac: -1.867599 2.825534 5.5659685
ac: 0.11048776 0.8541653 1.4408617
ac: -1.9413362 -0.39134836 1.2223797
ac: -0.52345026 -2.2827697 2.4533825
ac: -0.86604184 -2.1361604 0.851758
ac: -0.27789012 -1.6590555 -1.3741355
ac: 0.24638146 -0.6712165 -3.1471076
ac: 0.98831797 -0.13467073 -3.3276896
ac: 0.21984279 0.4302144 -2.8484821
ac: 2.5762687 0.09467363 0.18687344
ac: 3.4160967 1.2703052 3.7954893
ac: 1.4244353 -1.5976532 6.2066717
ac: 0.50401354 -1.7031865 1.8437576
ac: 0.7625408 0.15430284 -3.3378515
ac: -1.809762 0.47072792 -2.5509233
ac: -1.9935648 1.1636539 -3.6591048
Position: 54.37101505 18.61400261
ac: -2.1743784 2.0212116 -0.5518284
ac: -1.7593684 2.04552 1.9486837
ac: -0.06492723 2.1416876 2.54216
ac: 0.24135274 1.5436583 3.5030003
ac: -1.6184607 -1.9164293 3.1158028
ac: -0.3357337 -2.3999686 1.7026215
ac: -1.9311795 -2.060595 -1.4450808
ac: 0.43364847 -0.44090164 -3.6344333
ac: 0.89093876 0.37087798 -2.4764428
ac: -0.30619663 0.18357372 -0.4127016
ac: 0.256641 0.038254023 1.9259214
ac: 2.9678056 0.2580223 3.1916628
ac: 1.5949818 -0.7850845 3.3723373
ac: 1.84609 -0.6628401 0.5000181
ac: 0.8103231 0.05145049 -2.2602382
ac: -0.9959631 -0.2716 -2.8343377
ac: -1.3809087 -0.23214722 -3.937335
ac: -0.8466912 0.4908204 -2.3641
ac: -0.36322433 1.3606877 0.5871134
Position: 54.37101466 18.61396869
ac: 1.4728476 1.7193999 2.267336
ac: 0.53902555 1.8766732 2.2173681
ac: -0.068291426 -0.6814425 1.8057251
ac: 0.05088663 -1.0444956 2.721488
ac: -0.308738 -0.14097929 -2.2951002
ac: -0.8250334 0.29581475 -2.492567
ac: -0.4196322 0.4955833 -1.3285894
ac: -1.3880899 0.6800332 -0.8515558
ac: -0.66399103 0.22836685 2.7126436
ac: 0.9354787 1.3187156 2.7954273
ac: 1.7906997 -1.5249097 3.5618591
ac: 1.2691739 -1.588298 0.18122864
ac: 1.4558885 -0.2093823 -3.653934
ac: -0.8399838 0.38271046 -3.0307298
ac: -0.8304324 1.0344942 -1.6241727
ac: -1.2724452 1.8753567 -0.111151695
ac: -0.7583023 2.022399 1.497448
ac: 0.31925705 1.4161291 2.523694
Position: 54.37101505 18.61393769
ac: 1.9848425 -0.2843914 4.4530478
ac: -2.8247662 -1.9566209 2.0326252
ac: 0.45214152 -1.3309362 -1.875113
ac: -0.5929934 -0.6636131 -1.7755089
ac: 0.6091882 -0.07333565 -2.465972
ac: -0.41292948 0.30512905 -2.0685992
ac: 0.79856 1.0431261 0.46782398
ac: 0.42859924 0.84718037 1.6699724
ac: 4.556926 1.4775262 4.128474
ac: 0.77204466 -2.236299 1.9518385
ac: 2.907282 -1.2974613 -1.8194089
ac: -0.1431669 -0.5844593 -3.6303816
ac: -1.0864536 0.17982268 -4.0919037
ac: -2.164778 1.2507625 -2.5717506
ac: -1.0673964 2.1068034 3.2761059
ac: -2.3218675 2.2336116 4.0064745
ac: -0.67079806 2.9811563 5.5366716
ac: -1.914228 -0.053890705 2.533533
Position: 54.37101505 18.61393769
ac: 0.56772834 -0.7185335 0.99735546
ac: -0.679886 -1.491133 -2.7199507
ac: -0.6338485 -1.304935 -2.8103437
ac: 0.7953233 -0.8590889 -3.891025
ac: -0.14454885 -0.03996563 -1.5433064
ac: 0.17164436 -0.06496096 1.7139893
ac: 1.8907125 1.2367516 3.0925894
ac: 2.6056564 -1.3298097 3.2472649
ac: -0.1380496 -2.1441302 1.0957718
ac: 0.9116596 -0.35879803 -3.6432614
ac: -0.3871993 0.4231243 -2.723075
ac: -0.9469232 1.2524831 -3.3471875
ac: -1.0358422 2.4816637 0.7663593
ac: -1.4350045 2.2158864 3.3038225
ac: 0.11698806 1.6092217 3.7908258
ac: 1.3428414 -0.33601022 5.1501417
ac: -1.8092508 -2.1378915 2.2157545
ac: 0.10559058 -1.3283306 -1.3510399
ac: -0.7830774 -0.55439854 -3.0997953
Position: 54.37102977 18.61391757
ac: 0.6646732 -0.17321539 -3.528933
ac: 0.34566927 -0.044230938 -3.105741
ac: 0.70336604 0.1123023 -0.30534554
ac: 0.029130757 0.42930317 1.8575668
ac: 4.211486 1.8470936 4.3239765
ac: -0.039096713 -1.4907522 4.2411566
ac: 1.6685292 -0.8613422 -1.3229036
ac: -0.30753917 -0.3268819 -4.417616
ac: -0.96597797 -0.41409492 -3.1888871
ac: -0.4796654 0.14205694 -2.4644737
ac: 1.0142789 1.3195167 1.6667156
ac: 0.6215857 2.2333865 2.344654
ac: -0.68209165 2.2146206 3.734517
ac: -3.3503237 -0.09498668 1.1848745
ac: 0.06347257 -0.30310535 2.338458
ac: -1.3492253 -0.4135878 -0.88353443
ac: -0.4690337 0.17358994 -2.3555813
ac: 0.25943416 0.3453586 -2.8239074
Position: 54.37102977 18.61391757
ac: -0.23220956 -0.13765669 -0.5803261
ac: 1.1841328 -0.30912375 2.8842459
ac: 2.733942 1.853756 4.908451
ac: 0.2575884 -1.617404 3.1180468
ac: 2.0564227 -1.0923381 -0.2786703
ac: 0.8053627 -0.41358924 -5.9522142
ac: -0.7614509 -0.4673314 -4.4478316
ac: -1.3523155 0.7329631 -3.5726442
ac: -0.8238685 1.9544005 1.5514908
ac: -1.5360647 2.195438 4.719528
ac: -0.6860756 2.7808857 3.948761
ac: -1.2781544 -0.41266155 3.7891579
ac: 0.6169277 -0.48774695 0.26709557
ac: -1.0560794 -1.6347287 -1.5321207
ac: -0.15607867 -1.272505 -3.16042
ac: 1.4488788 -2.459662 -4.9129486
ac: -0.9023154 -0.926044 -0.018856049
ac: -0.10201955 0.08987713 0.18789482
Position: 54.37103848 18.61387353
ac: 0.18128815 0.8155539 3.736104
ac: 3.8136146 -0.7936635 4.9774876
ac: 2.1499817 -1.5414579 0.3473215
ac: 2.4001522 0.19781184 -3.7268429
ac: -0.6276139 0.5371151 -3.437439
ac: -1.1312656 1.1010711 -5.5623884
ac: -0.6263691 0.97198415 -2.717435
ac: 0.884699 0.8934343 6.4946957
ac: 1.568161 0.9067966 5.467601
ac: 1.4240775 -0.40621293 7.194147
ac: -1.7335088 -1.0583718 0.9998541
ac: -0.43869346 -0.3837062 -2.0643039
ac: -1.8031118 -0.3328222 -2.5495896
ac: -1.3718319 -1.5513511 -0.07289219
ac: 0.5277208 0.0073287487 -6.6976185
ac: 0.3243667 1.1094065 -2.6265898
ac: 0.4662637 0.05923748 0.48293114
ac: 0.9488452 -0.32369876 4.328964
Position: 54.37103848 18.61387353
ac: 1.4548867 -0.4340161 6.2636642
ac: 3.0214138 0.27282143 0.19560242
ac: 0.5842086 0.8565968 -1.3941879
ac: -1.8525687 0.4592719 -3.4522443
ac: -1.4857669 0.6134869 -3.7386374
ac: -0.39057052 1.0728879 -0.09348202
ac: -1.2310863 0.92219615 2.7495432
ac: 0.018576324 1.1898692 3.9558792
ac: -0.873982 0.04414153 5.0639887
ac: -1.4539603 -0.7579074 1.59589
ac: 0.4920002 -0.57440627 -1.2457695
ac: -0.93392783 -0.3219874 -1.6567521
ac: -0.050925106 0.027497053 -4.0548472
ac: 0.074049786 -0.19618797 -0.6724405
ac: 0.85846937 0.0397954 0.08589649
ac: 1.5177226 0.26345682 0.523489
ac: 3.8173723 0.47066998 6.49492
ac: 0.48533213 -1.2078671 1.1863537
ac: 1.679249 -0.44497085 -1.9915361
Position: 54.37104983 18.61382701
ac: -0.25915033 0.07242608 -2.3962555
ac: -1.5400163 0.39663148 -2.0429163
ac: -1.4354558 0.85005784 -1.5670152
ac: -0.7738107 2.1132412 1.0975447
ac: 0.9416478 1.4213309 5.377326
ac: 0.995087 0.99394655 3.4923677
ac: -1.6835455 -0.8737843 1.0275373
ac: 1.3327928 -1.7423775 1.2183189
ac: -0.6802093 -1.0913754 -2.333538
ac: -0.32570028 -0.9970243 -4.202496
ac: 0.93784314 -0.21363258 -4.3713336
ac: -0.41651797 0.209373 -2.501606
ac: -0.9901383 0.5063534 1.4180183
ac: 1.6879776 1.702604 5.215398
ac: 1.3050588 -0.72029185 3.362255
ac: 2.6031837 -1.205881 1.7806377
ac: 0.7285702 -0.54591155 -3.8683162
ac: -1.0753423 -0.1848154 -3.5039935
Position: 54.37106185 18.61378013
ac: -1.808048 0.6283448 -2.5855055
ac: -0.6048688 2.0868556 0.022014618
ac: -0.40698934 2.4883964 3.3393145
ac: -1.4517462 1.3357303 4.1328993
ac: -0.4586596 -2.3824391 5.3753786
ac: -1.3289422 -2.8441622 3.0815973
ac: 0.31368 0.7105272 -2.4554567
ac: 0.3452974 1.3123605 -3.6629524
ac: 1.6239865 0.91276264 -2.5004597
ac: 0.09318105 0.41559362 -0.5441208
ac: 0.27474028 -0.55674267 2.2141275
ac: 1.3343184 -0.431962 0.7493181
ac: 2.6487982 -0.2602656 3.2810173
ac: 2.6236794 -1.5370123 1.0876741
ac: 1.3639593 -1.2920012 -4.0471067
ac: -0.95569235 -1.0837123 -0.14460182
ac: -1.6870469 0.67725945 -2.426856
ac: -2.121542 1.6143854 -0.94036865
Position: 54.37106185 18.61378013
ac: -0.45341325 1.8801131 3.0974169
ac: -0.83664817 2.0469382 4.2718315
ac: -0.130755 1.8880613 3.1503658
ac: -1.5204875 -0.8033569 3.1204376
ac: -0.39709336 -1.0644689 -0.04936886
ac: -0.85091996 -0.539134 -2.5670686
ac: 0.50581 -0.340065 -3.3776307
ac: 0.69400704 -0.22557902 -3.2072763
ac: 0.4312569 0.13512897 -0.59158325
ac: 0.65495133 -1.4162078 1.5119667
ac: 3.1274898 0.62446165 3.331603
ac: -1.0559982 -2.3100445 5.2039566
ac: 3.1896987 -0.92546177 -2.1861844
ac: 0.7285309 -0.34713316 -3.1916962
ac: -0.6519541 0.59978366 -4.027151
ac: -1.671251 1.5276306 -2.8120928
ac: -0.8165939 2.6362252 1.809699
ac: -1.8976038 3.115415 2.8047323
ac: 0.00521487 2.170614 3.0657558
Position: 54.37106662 18.61372441
ac: 0.19741338 -1.7628778 4.564913
ac: -0.9989674 -2.4937024 2.1649656
ac: 0.022603273 -0.3934443 -0.30227566
ac: -0.843544 0.2755549 -2.0160336
ac: 0.35203457 0.37601852 -3.3855891
ac: -0.055340707 -0.24313807 -1.4666066
ac: 1.0649388 -0.52643037 0.022510529
ac: 3.1773124 -0.4900775 0.89245415
ac: 1.9567791 -1.9103584 6.3186617
ac: 0.8650073 -0.14438796 0.6799021
ac: 0.5481842 0.17541265 -3.3566408
ac: -0.6660775 0.48602247 -3.643268
ac: -1.4356643 0.78759384 -4.6583867
ac: -0.7305468 1.1345544 -0.96045303
ac: -1.1499859 1.5213306 4.0878906
ac: 1.3194587 2.2918208 3.6645517
ac: -1.7522402 0.049220085 6.3974733
ac: -1.6592319 -1.3007334 0.7959032
Position: 54.37106662 18.61372441
ac: -0.48813242 -0.23123264 1.064991
ac: -0.4393775 2.1045914 -1.2130203
ac: 0.45821258 1.5857718 0.88758755
ac: 0.7829277 -0.6679206 -3.3802805
ac: 1.6771458 -2.0989819 -2.4100451
ac: 1.6322651 -1.5993543 3.212472
ac: 0.30612823 -0.7996373 0.4893694
ac: -0.5203726 -2.045337 3.1599054
ac: 1.2942723 -0.91978407 -1.5373926
ac: 1.4267298 -0.17736745 -3.9508004
ac: -0.71423817 0.11295295 -4.106901
ac: 0.040628254 2.815667 6.780737
ac: 0.99237394 3.0996614 -3.1612568
ac: -1.6132653 1.4432559 3.3062716
ac: 0.09254913 0.16019297 1.3742476
ac: -2.2321599 -1.9669704 1.2327585
ac: -1.0780377 -1.7170801 0.279027
ac: 0.07806337 -0.25140142 -2.6034727
Position: 54.37108015 18.61368373
ac: 0.48076963 0.79378414 -1.4114423
ac: 0.15765047 1.0785215 -2.9883099
ac: -0.020291 0.96917653 -0.15094662
ac: 0.32155985 -0.49316406 3.768899
ac: 2.6876347 0.4716165 5.441635
ac: 1.211777 -1.8062493 3.1782703
ac: 2.4229076 -1.1553044 -1.0099125
ac: 0.8103778 -0.4345796 -3.7385483
ac: -0.8170538 0.13072252 -6.720544
ac: -1.4975078 1.7533045 -2.1253853
ac: -0.4070717 1.9532194 1.1456594
ac: 0.750129 1.6349413 4.3361187
ac: -2.4085433 1.1809745 2.5201664
ac: -2.5826602 -0.8725302 2.115735
ac: -0.704092 -1.4128642 0.88613033
ac: -0.38799033 -1.1783789 -1.2092047
ac: 0.4608001 -0.29330277 -3.4668489
ac: 0.2822051 0.4931178 -3.9621072
ac: -0.51728094 -0.15942478 0.61403847
Position: 54.37108015 18.61368373
ac: 2.75206 0.773772 7.399398
ac: 1.1501272 2.2119665 5.4319077
ac: 1.6153108 -1.4912665 1.1924572
ac: 2.9328098 -0.8950739 -0.26745224
ac: 1.078191 0.19555616 -2.4420633
ac: -1.3373129 0.7501135 -5.396205
ac: -1.2811583 0.5979924 -3.043517
ac: -0.31826928 0.6979213 0.18205547
ac: -1.4388692 2.103591 3.5683308
ac: 0.07457903 2.0427935 3.3500433
ac: -1.0269692 -0.6142616 3.1252537
ac: -0.39436623 -1.597017 2.5286942
ac: -0.25628474 -1.0757859 -1.4528499
ac: 0.12771511 -0.0087406635 -3.4448757
ac: 0.56855917 0.43433905 -2.8716063
ac: 0.0668942 0.06283808 -1.2312212
ac: 1.1247103 -0.2841661 -0.14128971
ac: 0.71566606 -0.3489561 2.1763067
Position: 54.37108138 18.61363069
ac: 3.2061985 -0.6331916 3.7656746
ac: -0.5449681 -1.9457282 1.3335199
ac: 1.5994655 0.19048691 0.89173794
ac: -0.6960929 0.26324606 -3.8637023
ac: -0.88399464 0.8352432 -4.7348003
ac: -1.8150939 1.5893273 -1.173852
ac: -1.2899282 1.6767964 3.0334272
ac: 0.22443865 1.7699265 4.563342
ac: 0.026323512 1.0159123 5.005847
ac: -0.8900622 -0.5931678 0.23643112
ac: 0.36558276 -0.54185104 -0.06599617
ac: 0.1956808 0.22209835 -2.0279121
ac: 1.2566339 0.16270924 -3.5985088
ac: 1.1444142 0.16935062 -2.1863894
ac: 0.102543354 -0.2901826 -1.3445511
ac: 0.91285473 -0.9618404 3.2903051
ac: 1.4336457 1.205967 3.7588053
ac: -0.7878029 -1.4645162 6.2241497
Position: 54.37108138 18.61363069
ac: 2.708898 -0.5631056 -2.4933019
ac: 1.3175706 -0.06874561 -4.0743027
ac: 0.64371574 0.16262555 -4.424589
ac: -2.475698 0.95408535 -1.603426
ac: -2.12108 1.591604 1.0931997
ac: -2.383851 2.055615 3.0385218
ac: -1.9576417 1.7246213 1.8302708
ac: -0.43114626 0.1490941 1.8351908
ac: -0.33032167 -0.115540504 2.2525282
ac: -0.18724072 -1.0060463 -0.41307735
ac: 0.4313777 -1.1162763 -2.9373913
ac: 1.582553 -1.0734489 -4.136225
ac: 0.19471407 -0.7160597 -0.69190407
ac: -0.07870096 -0.78271437 2.1851673
ac: -0.026938021 -0.04391527 4.4970407
ac: 1.5433086 -0.25628757 2.6404524
ac: 0.9441427 -1.1902087 0.7114172
ac: 2.1445642 0.16936374 -3.3177567
ac: -0.22006619 0.61184573 -2.437067
Position: 54.37107837 18.61359029
ac: -0.18261796 1.0982835 -5.091084
ac: -1.1904345 2.2704992 0.05795765
ac: -2.453522 2.0386882 3.2118979
ac: -1.1895726 1.6746292 3.3647213
ac: -1.1854397 0.9469938 3.7898626
ac: -1.9485625 -1.0978262 0.72060204
ac: 0.7796684 -0.6727352 -1.5553398
ac: -0.5319186 -0.8368554 -0.94230986
ac: 1.1540774 -0.6267023 -2.3911572
ac: 0.9039636 -0.82258654 -1.8250332
ac: 1.3433248 -0.80680466 -1.089551
ac: 0.63010305 -1.24213 2.8564758
ac: 2.6126287 0.44669437 2.5662184
ac: -1.2847472 -1.6146536 4.845277
ac: 0.9617904 0.32465506 -1.0701532
ac: -0.28416422 0.39607382 -3.4730368
ac: -0.71995795 0.33764887 -4.078607
ac: -0.09782633 1.032876 -0.338809
Position: 54.37107837 18.61359029
ac: -1.2174729 1.6958375 2.8355665
ac: 0.923234 1.4722142 2.8783617
ac: -1.0404973 1.0080142 1.8136883
ac: 0.5109904 -0.26290798 1.3493557
ac: 0.014558017 -0.3419931 -0.5641289
ac: -0.043592095 0.15741563 -2.050342
ac: 1.0494704 -0.002115488 -2.2186437
ac: 0.30267558 -0.3182404 -1.2848253
ac: 1.2715011 -1.1120663 2.3294792
ac: 2.1291847 -1.0051959 1.3210945
ac: 0.9146062 -1.6903126 5.6359787
ac: -0.05965948 -0.95213926 1.9775124
ac: 0.20315439 0.36144996 -3.674872
ac: -0.6289406 0.64300704 -4.208075
ac: -0.021330237 1.098675 -5.8072686
ac: -1.1277695 1.9836044 -0.39772987
ac: -1.2106123 2.7085805 3.9352179
ac: -0.71911824 1.8391085 4.342451
Position: 54.37108349 18.61353874
ac: 0.37692165 0.9275949 6.0161486
ac: -1.6221415 -1.3171017 -0.6426134
ac: 1.304235 -0.5187752 -0.85604286
ac: -0.63008887 -0.26714373 -2.9488392
ac: -0.34652972 0.069116116 -1.3723159
ac: 0.7371343 -0.5074146 -3.2486877
ac: 0.8039968 -2.0202258 -0.5586262
ac: 1.9783297 -1.1528735 3.216814
ac: 2.5755305 -0.37689734 4.20712
ac: -1.2375424 -0.95796824 2.6329203
ac: -0.056519747 0.9607203 1.2208338
ac: -1.4186723 1.1806462 -2.4137492
ac: 0.34554148 1.1913314 -4.340105
ac: -1.4974352 1.3723133 -3.5814219
ac: 1.0561221 1.4875629 0.96604156
ac: -0.29136118 1.7577705 6.0272036
ac: 0.07036321 1.8893027 5.244506
ac: -1.0300897 -0.86164427 1.078907
Position: 54.37108384 18.6134928
ac: -0.1966084 -0.6946697 -0.2389822
ac: -0.8214129 -0.8508918 -2.4718685
ac: 0.4337928 -0.9697349 -3.2614417
ac: 0.51337624 -1.6467726 -3.3665075
ac: 1.2630843 -1.4928007 1.1007481
ac: 0.8367698 -0.7414715 1.4438238
ac: 3.2467995 0.97357893 3.6621447
ac: -0.49491438 -0.5418925 2.9249477
ac: 0.5296728 1.0085874 0.6657982
ac: -0.7441622 0.45418978 -4.6786184
ac: -0.66840655 0.67033315 -4.6210546
ac: -1.9285439 1.3320127 -2.7016797
ac: 1.4572008 1.5989614 3.1417274
ac: -3.3524241 0.91389704 4.0338793
ac: 0.1217407 0.6016469 5.793186
ac: -1.5575294 -0.67557 0.7946625
ac: 1.4279269 -0.5045984 -0.9631548
ac: -0.1632899 -0.82990456 -3.640871
Position: 54.37108384 18.6134928
ac: 1.5995831 -0.15288973 -4.9868126
ac: -1.4467692 -0.40820932 2.8639584
ac: 1.2812229 1.1653004 4.236124
ac: 1.8002666 0.76267815 4.609828
ac: 0.5669886 -1.6124415 0.98210144
ac: 2.6721869 -1.2258344 -4.3380537
ac: 0.66406393 -0.7035353 -2.9445481
ac: -0.31708205 -0.07798147 -2.1196513
ac: -1.505164 1.6967921 -1.6607614
ac: -0.6651192 2.2580366 2.7074995
ac: -1.4815001 3.0427222 4.149786
ac: -2.8729045 2.185769 2.85421
ac: -1.8885708 -0.56796646 0.3923254
ac: 0.7504952 -1.7929804 1.0105953
ac: 0.09980452 -2.2040858 -2.7691774
ac: 1.0823392 -1.3441296 -1.9778652
ac: 1.1977099 -0.48841286 -2.2760296
ac: 0.42042994 -0.055784702 -0.88615084
Position: 54.37108739 18.6134537
ac: 0.010020733 -0.41723204 2.7495165
ac: 0.5211383 1.9139838 3.6176357
ac: -0.980585 -0.3811283 5.733901
ac: 2.4790902 -0.49569058 0.21847153
ac: 2.624611 -1.0835197 -4.2842026
ac: 1.8436301 -1.1294715 -5.445014
ac: 0.7271297 0.2659006 -4.416586
ac: -0.33987522 1.5337231 1.0487556
ac: -1.536405 1.9039576 4.0344477
ac: -0.57502115 2.5939126 4.1876106
ac: -0.776006 2.3461242 4.4602623
ac: -2.580744 -0.6054971 -0.07662392
ac: 0.24324083 -0.9356909 -1.6100926
ac: 0.3927451 -0.7777927 -0.812541
ac: 0.5268818 -0.59896564 -4.2923207
ac: 0.4613526 -0.61149216 -1.7647047
ac: -0.9582037 0.19527197 1.0428381
ac: -0.9490077 0.69998455 3.8559914
Position: 54.37109409 18.61342348
ac: 1.2489729 2.2960992 2.956171
ac: -1.4252408 -0.869817 3.190054
ac: 3.4290967 -0.97062016 -2.361607
ac: 0.57915646 -1.0234661 -4.325673
ac: -0.47174764 -0.2571504 -4.3235855
ac: -1.4353614 1.3114958 -1.1858416
ac: -1.3616431 2.1574955 3.431776
ac: -1.2290548 3.012418 5.812499
ac: -0.9032947 1.7144892 -0.4791212
ac: -1.409639 -0.1571641 0.24287033
ac: 1.1451616 -0.34523988 2.5520458
ac: -0.24999559 -1.5382793 -0.31920242
ac: 0.35549706 -1.1613212 -2.938705
ac: 1.1754229 -0.8087206 -2.2293081
ac: 0.33208746 -0.20544338 -1.0676365
ac: 1.4883306 -0.16748047 1.2670069
ac: 2.109423 0.55845785 2.8767004
ac: 1.5341359 -1.3694925 3.1304016
Position: 54.37109409 18.61342348
ac: 0.46742707 -2.1957712 0.37277222
ac: 0.06850755 -0.18845248 -3.1811204
ac: -1.5438626 0.72034 -2.3897562
ac: -1.7848707 1.0110855 -1.927083
ac: -0.6028485 1.5075498 0.23161411
ac: -0.99064076 1.7394958 2.0832138
ac: 0.16096038 1.4711556 2.0190477
ac: 0.43784404 0.88596773 3.00488
ac: -1.1918179 -0.5147948 2.2542868
ac: 0.10574311 -1.0775218 -0.5588112
ac: -0.5441403 -1.2627277 -2.388834
ac: 0.16127178 -1.2725351 -4.0495973
ac: 0.960308 -0.7159157 -2.9172935
ac: 1.0937823 -0.49491882 0.25722313
ac: 1.9869554 0.836195 2.4865465
ac: 3.256343 1.1324897 5.070772
ac: 0.4918344 -0.22580218 5.2248926
ac: 2.3440108 -0.5358212 -2.551423
Position: 54.37109492 18.61336647
ac: 0.3090371 -1.1399555 -4.9466743
ac: -0.44314134 -0.80252004 -4.8860874
ac: -1.5392263 1.0011959 -2.9030218
ac: -2.4723217 2.1033077 2.251276
ac: -1.9048872 2.859901 4.96659
ac: -2.3274698 3.538958 4.679967
ac: -2.1847491 -0.05537319 3.3822775
ac: 0.8499754 -1.109293 0.028671265
ac: -0.10239363 -1.9933066 -2.2879763
ac: 1.1242682 -1.7552593 -2.4367814
ac: 2.1466656 -1.1912141 -3.6075668
ac: 1.0782602 -0.9857564 -1.2421985
ac: 0.8935979 -0.33758926 1.2851143
ac: 0.5040069 0.3068304 3.6430893
ac: -0.29517257 -0.158813 4.4273005
ac: 1.3685963 -0.7259004 1.160718
ac: 2.113457 -0.4945128 -3.878345
ac: 0.4913764 -0.46907616 -4.2797728
ac: -0.82681036 0.261379 -5.2626357
Position: 54.37111357 18.61334378
ac: -1.7984185 1.8233247 0.7254772
ac: -3.2757387 2.6986794 3.4905481
ac: -2.4861605 2.4501748 3.2674494
ac: -0.8750098 1.5438247 5.703393
ac: -3.268949 -0.44888544 3.1157446
ac: 0.8640333 -1.392813 -0.7712569
ac: 0.99372673 -1.7714555 -3.0051394
ac: 1.9897785 -2.0642712 -3.7372775
ac: 1.5320401 -1.4722221 -3.0376253
ac: 1.3988864 -1.0213277 0.5260296
ac: 0.34552336 0.08218193 3.1687593
ac: 2.372725 2.2240252 5.8288126
ac: -0.6447861 -0.6373184 3.0021925
ac: 2.2571528 -0.85819507 -1.920599
ac: 1.6838319 -0.48993492 -3.2858872
ac: 0.6740734 -0.2878983 -4.4575496
ac: -0.33962655 0.7313342 -3.4125657
ac: -0.48746336 1.5660241 1.5995522
Position: 54.37111357 18.61334378
ac: -1.7296218 1.5438743 2.7176342
ac: -1.0694797 1.8031771 2.1637688
ac: -1.0565166 0.9502034 5.0797014
ac: -0.8243233 -0.24372792 1.6216536
ac: 0.60657895 -0.32472825 0.71597195
ac: 0.37011012 -0.3831439 -2.7159796
ac: 0.39930093 -0.39841795 -4.506541
ac: 0.17193574 -0.49968982 -4.2049894
ac: -0.7206719 -0.2998135 -1.6125827
ac: 0.9821927 -0.8323579 3.3746195
ac: 1.219337 0.8565421 3.6377382
ac: -0.2809463 -2.3049483 3.252037
ac: 0.40846014 -1.1268435 2.113903
ac: 0.9243783 0.9771409 -1.9856257
ac: -0.88086 1.1912642 -4.2082224
ac: -1.1988542 1.933068 -4.7334304
ac: -1.147822 2.0508418 1.2376671
ac: -0.93357253 1.6518321 4.339386
Position: 54.37112982 18.6133109
ac: -1.8837647 0.4670496 3.5310774
ac: -2.3951218 -2.874206 2.6131325
ac: -0.580713 -0.91919327 2.281169
ac: 0.25064406 -0.4767418 -1.9551744
ac: 1.5238204 -0.13476205 -5.0331125
ac: 3.0875678 0.41927528 -3.7342677
ac: 0.16614363 -0.18763447 -1.4786668
ac: 0.11725773 -0.3445511 4.6602697
ac: -0.9043987 1.1623211 1.2564793
ac: 1.046208 1.1289668 4.1191816
ac: 0.7018956 -1.0322437 1.015976
ac: 2.041399 -0.86987877 -2.3801613
ac: -1.3821583 -1.1571088 -3.6810145
ac: -1.2983792 -0.48621488 -4.6755366
ac: -2.2998412 1.2578607 1.0983601
ac: -1.5722638 2.2236228 2.0980463
ac: 1.7946727 1.9689054 3.8184195
ac: -1.1609284 0.508409 4.034526
ac: -0.34263587 -0.6590953 1.8669224
Position: 54.37112982 18.6133109
ac: -0.7442491 -1.4293625 -2.0384932
ac: -1.0025008 -0.22976446 -2.2659035
ac: -0.6702257 -1.2655728 2.4697294
ac: 0.60089326 -1.0502462 -6.6734505
ac: 0.7630748 -0.3076954 0.06839609
ac: 2.810141 1.1673641 1.9978819
ac: 1.9283441 1.0679121 4.215518
ac: -1.890595 -1.3451042 1.8861637
ac: -0.8273114 -1.461909 -2.9307985
ac: 1.0028317 0.059622288 -1.5174189
ac: 1.6680329 0.22539616 -3.449141
ac: 0.6756696 1.43015 -1.664505
ac: 0.40953857 2.6929731 0.6270056
ac: 1.0427732 1.7494078 6.5035963
ac: -2.494578 1.6602678 1.1139956
ac: -4.743058 -1.509515 4.751274
ac: -0.41270757 -1.4852827 2.5578032
ac: 0.06958559 -1.6034727 -3.4520469
Position: 54.37111057 18.61327598
ac: 0.24591143 -1.3262374 -2.6083808
ac: 1.7269676 -0.24386978 -1.5732541
ac: 1.8010656 0.35541964 -0.3456893
ac: 1.4141605 0.114758015 4.3313465
ac: 0.49290425 0.24415874 0.6771021
ac: 0.1837253 -1.1985157 2.5140886
ac: 0.07123196 -0.6848171 1.9735794
ac: 2.9102604 -0.7712581 -0.6589422
ac: 0.8133631 -1.6550505 -4.348706
ac: 0.30228907 -1.1385105 -4.4192896
ac: 0.20840192 0.6405258 -2.4219036
ac: -0.8850436 2.0649362 3.040187
ac: -0.12609625 3.0064611 3.974863
ac: -1.9921908 1.608345 6.326432
ac: -1.7407464 -1.0718122 -0.9628763
ac: 0.091483235 -1.6631622 -1.4888515
ac: 0.15121746 -1.8407273 -3.3312635
ac: -0.5220156 -2.0137372 -2.5287285
Position: 54.37111057 18.61327598
ac: -0.5922978 -0.8406267 -1.5920959
ac: 0.16079628 0.47074604 0.79346466
ac: 2.0260556 1.2700462 3.1853065
ac: 2.4316266 1.4010253 2.7720995
ac: -0.42849398 -0.11171579 3.1868496
ac: 0.9991265 -0.9303156 3.4589043
ac: 2.917687 -0.3328364 -3.297171
ac: 0.947785 -0.22362018 -4.2270546
ac: -0.086191535 0.085038185 -3.0374303
ac: -0.62198144 1.6124122 -1.0546207
ac: -0.51936483 1.7174246 2.4525976
ac: 0.66064394 1.5659752 3.4404812
ac: 0.8414124 1.560441 3.0444155
ac: -0.36613807 -1.4438183 2.652834
ac: -0.5967409 -1.330147 0.62772083
ac: 0.38258648 -2.078041 -1.4506521
ac: -0.7550801 -2.4436948 -5.7396135
ac: 0.7781216 -1.0459363 -4.5176964
ac: 0.06542122 0.4047656 -1.4416623
Position: 54.37108499 18.61327659
ac: 0.70756143 0.17663288 0.6609659
ac: 1.4244428 0.12372494 2.7540226
ac: 2.3934693 2.7853644 6.462178
ac: -0.6873157 0.92892027 4.557023
ac: 3.5536537 -1.7408705 -0.059791565
ac: 1.20702 -0.3026963 -2.2627983
ac: -0.35962075 0.39721608 -4.3610563
ac: -1.4694698 1.1825517 -3.7320924
ac: -0.9203447 1.4580683 2.4217033
ac: 0.13055634 0.44414926 -0.753623
ac: 1.4774271 0.6970134 2.301958
ac: -1.8009295 -1.0765449 4.9569635
ac: -1.618088 -0.2670017 -0.3328848
ac: -0.6189811 0.33924943 0.48585987
ac: -1.1938357 0.114450574 -1.8119307
ac: 0.23821318 -0.1340847 -2.0630193
ac: -0.0056475997 -0.8894211 -1.8862491
ac: 0.028272867 -1.949367 -2.6220412
Position: 54.37108499 18.61327659
ac: 0.6925841 -2.9140282 3.8131657
ac: 3.6911883 -0.4751644 6.269229
ac: 2.8326154 -0.07838762 1.9898863
ac: 3.3416252 0.9525064 -0.89832115
ac: 0.8929324 0.77589786 -3.8250632
ac: -1.2454361 0.42875075 -4.212936
ac: -2.9704647 0.55837226 -4.1884055
ac: -1.9503448 1.967469 -0.534255
ac: -0.2855118 1.7653427 5.9172173
ac: -0.058419466 1.9060853 4.2768354
ac: -0.48425645 -0.9003918 1.9099092
ac: -0.31659737 -0.8102071 1.5423546
ac: -0.5238275 -1.2234602 -0.60505486
ac: -2.4033332 -1.9889972 -1.6277461
ac: 0.11172509 -0.4109764 -4.1812034
ac: 0.20199567 0.75579023 -1.2823544
ac: 0.23436642 0.8990526 1.3117056
ac: 1.9383211 0.5173321 2.531927
Position: 54.37106844 18.61325323
ac: 2.0180917 0.48040152 3.351468
ac: 1.4103173 -1.2772384 0.08036995
ac: 0.87317884 -1.156105 -2.188043
ac: -1.4989446 -0.9123843 -2.663073
ac: -0.80254036 -0.15329361 -3.337308
ac: -1.0780675 0.48352337 -2.4956384
ac: -0.15402311 1.5466595 -0.6191678
ac: 0.38289374 1.9286132 1.9993134
ac: 0.6797317 1.9792385 3.686224
ac: 0.39473832 0.41263914 3.7062635
ac: -0.98594016 -0.77485394 1.0328541
ac: -0.30327904 -0.40775442 -0.80229855
ac: -0.46660042 -0.31327438 -2.9769392
ac: -1.1041844 -0.15282059 -2.031455
ac: -0.96767384 0.88491726 -1.2713733
ac: 0.04565364 1.0579181 0.07722759
ac: 0.42564857 0.77181673 3.0139132
ac: 3.7204869 1.118854 5.3905697
ac: -0.34907985 -1.7451949 3.2062025
Position: 54.37106844 18.61325323
ac: 3.4739811 -2.0078428 -3.0267916
ac: -0.33911157 -1.2870712 -3.8006558
ac: 0.28162426 -0.70668364 -5.02453
ac: -0.80396503 0.5443468 -2.119339
ac: 0.72247976 1.7281396 -1.0750647
ac: -0.8826493 1.9211838 4.251692
ac: -2.29349 0.57845736 5.2673483
ac: -2.5736742 -1.0225028 5.189109
ac: 1.0009104 -1.0053818 2.0561342
ac: -1.0204315 -0.83888626 -0.9541311
ac: 0.25401592 0.13006067 -3.9736724
ac: 0.69993675 0.54147434 -4.451575
ac: 0.41073215 0.6842575 0.2647295
ac: -1.5888978 0.11732793 0.83699894
ac: 2.003442 0.4548185 4.7130203
ac: 2.508749 -0.49980116 4.9569235
ac: 1.2082721 -1.49354 1.663516
ac: 2.8679276 -0.3912363 -3.670329
Position: 54.37105095 18.61323257
ac: -1.5489819 0.679111 -1.7069373
ac: -1.4750186 1.16308 -0.6727314
ac: -1.3420767 0.7940936 -0.47302723
ac: -1.8163255 0.60207605 1.2940788
ac: 0.3256399 0.336617 2.5262384
ac: -1.3217046 0.22276354 1.3252859
ac: -1.0308142 -1.3099618 1.0525723
ac: 1.0316628 -1.5240867 0.55323315
ac: 0.3098678 -1.039563 -3.050983
ac: 0.10252763 -0.92523146 -4.0250993
ac: 1.4701123 -0.28317022 -4.2319574
ac: -0.5279263 -0.3245387 -0.27978516
ac: 1.4944187 -0.33326674 2.751769
ac: 3.2850654 1.7075844 5.16586
ac: -0.8624256 -0.06374216 4.4113874
ac: 2.1496735 0.065552235 -0.3723383
ac: 0.6389561 -0.37937164 -1.5054469
ac: -0.16167843 -0.4270928 -3.562801
Position: 54.37105095 18.61323257
ac: -0.098270714 0.15350056 -3.0284266
ac: -1.5642816 1.4026392 0.021475792
ac: -1.2131969 1.9164073 1.9111567
ac: -0.2176016 2.0305753 1.7102327
ac: 0.44369495 0.83052826 6.9196796
ac: -0.9691385 -0.40917897 -0.2267847
ac: 1.8302824 -1.3791339 -1.2726598
ac: -0.4508578 -0.6019969 -3.243383
ac: 0.013799533 -0.5882938 -3.95151
ac: -0.43423152 -0.50054026 -2.2263908
ac: -1.4183187 0.6403699 2.3604517
ac: 1.1451355 0.38002753 4.9511976
ac: 2.9903252 0.2182076 5.9779053
ac: -0.6693928 -1.8269879 2.6397114
ac: 3.975539 -1.1268351 -4.0204225
ac: 0.34987742 -1.1888579 -3.855978
ac: -1.5480392 0.047385454 -3.8086028
ac: -2.1862144 1.4463954 -1.3047209
ac: -2.1014369 2.2376046 1.3403769